tRegionMap = ( 
(	-1,	-1,	-1,	-1,	-1,	-1,	-1,	-1,	-1,	-1,	-1,	-1,	-1,	-1,	-1,	-1,	-1,	-1,	-1,	-1,	-1,	-1,	-1,	-1,	-1,	-1,	-1,	-1,	-1,	-1,	-1,	-1,	-1,	1,	1,	1,	-1,	1,	1,	-1,	-1,	1,	1,	-1,	1,	-1,	1,	1,	1,	1,	1,	-1,	-1,	-1,	-1,	-1,	-1,	35,	35,	35,	35,	35,	35,	35,	35,	35,	35,	35,	35,	-1,	-1,	-1,	-1,	-1,	-1,	-1,	-1,	-1,	-1,	-1,	),
(	-1,	-1,	-1,	-1,	-1,	-1,	-1,	-1,	0,	0,	-1,	-1,	-1,	-1,	-1,	-1,	-1,	-1,	-1,	-1,	-1,	-1,	-1,	-1,	-1,	-1,	-1,	-1,	-1,	-1,	-1,	-1,	1,	1,	-1,	1,	-1,	-1,	1,	-1,	-1,	1,	-1,	-1,	1,	1,	1,	1,	1,	1,	1,	1,	1,	-1,	-1,	-1,	-1,	-1,	-1,	-1,	-1,	35,	35,	35,	35,	35,	35,	35,	35,	-1,	-1,	-1,	-1,	-1,	-1,	-1,	35,	35,	-1,	-1,	),
(	-1,	-1,	-1,	-1,	-1,	0,	0,	0,	0,	0,	0,	0,	0,	-1,	-1,	-1,	-1,	-1,	1,	1,	1,	1,	1,	-1,	-1,	-1,	-1,	-1,	-1,	-1,	-1,	-1,	-1,	-1,	-1,	1,	-1,	-1,	-1,	-1,	-1,	-1,	-1,	-1,	1,	1,	1,	-1,	1,	-1,	1,	1,	1,	1,	1,	-1,	-1,	-1,	-1,	-1,	-1,	-1,	35,	35,	35,	35,	35,	35,	35,	35,	-1,	-1,	-1,	-1,	-1,	-1,	35,	35,	-1,	-1,	),
(	-1,	-1,	-1,	-1,	-1,	-1,	0,	0,	0,	0,	0,	0,	0,	0,	1,	1,	1,	1,	1,	1,	1,	1,	1,	1,	1,	1,	1,	1,	1,	1,	1,	1,	-1,	-1,	-1,	-1,	-1,	-1,	1,	-1,	1,	1,	1,	-1,	-1,	-1,	-1,	-1,	-1,	1,	1,	-1,	1,	1,	-1,	-1,	-1,	-1,	-1,	-1,	-1,	-1,	-1,	-1,	35,	35,	35,	35,	35,	35,	-1,	-1,	-1,	-1,	-1,	-1,	35,	35,	-1,	-1,	),
(	-1,	-1,	-1,	-1,	0,	0,	0,	0,	0,	0,	0,	0,	0,	0,	1,	1,	1,	1,	1,	1,	1,	1,	1,	-1,	1,	1,	1,	1,	1,	1,	1,	1,	1,	1,	1,	1,	1,	1,	1,	1,	1,	1,	1,	-1,	-1,	-1,	1,	-1,	-1,	-1,	1,	1,	1,	1,	1,	-1,	-1,	-1,	-1,	-1,	-1,	-1,	-1,	35,	-1,	35,	35,	35,	35,	35,	-1,	-1,	-1,	-1,	-1,	35,	-1,	-1,	-1,	-1,	),
(	-1,	-1,	-1,	-1,	-1,	-1,	0,	0,	0,	0,	0,	0,	0,	0,	1,	1,	1,	1,	1,	1,	1,	-1,	-1,	-1,	1,	1,	1,	1,	1,	1,	1,	1,	1,	1,	1,	1,	1,	1,	1,	1,	1,	1,	1,	-1,	-1,	-1,	-1,	-1,	1,	1,	1,	-1,	-1,	-1,	-1,	-1,	-1,	4,	-1,	-1,	-1,	-1,	-1,	-1,	-1,	35,	35,	35,	35,	35,	35,	-1,	-1,	-1,	-1,	-1,	-1,	-1,	-1,	-1,	),
(	-1,	-1,	-1,	-1,	-1,	0,	0,	0,	0,	0,	0,	0,	0,	0,	1,	1,	1,	1,	1,	1,	1,	1,	-1,	1,	1,	-1,	-1,	1,	1,	1,	1,	1,	1,	1,	1,	1,	-1,	1,	1,	1,	1,	-1,	-1,	-1,	-1,	-1,	-1,	-1,	-1,	-1,	-1,	-1,	-1,	4,	4,	-1,	-1,	4,	4,	-1,	-1,	-1,	-1,	-1,	-1,	-1,	-1,	-1,	35,	35,	35,	35,	-1,	-1,	-1,	-1,	-1,	-1,	-1,	-1,	),
(	-1,	-1,	-1,	-1,	0,	0,	0,	0,	0,	0,	0,	0,	0,	0,	1,	1,	1,	1,	1,	1,	1,	1,	1,	1,	1,	-1,	1,	1,	1,	1,	1,	1,	1,	1,	1,	1,	1,	1,	1,	-1,	-1,	-1,	-1,	-1,	-1,	-1,	-1,	-1,	-1,	-1,	4,	4,	4,	4,	4,	-1,	-1,	4,	4,	4,	-1,	-1,	-1,	-1,	-1,	-1,	-1,	-1,	-1,	-1,	35,	35,	-1,	-1,	-1,	-1,	-1,	-1,	-1,	-1,	),
(	-1,	-1,	-1,	-1,	0,	0,	0,	0,	0,	0,	0,	0,	0,	0,	1,	1,	1,	1,	1,	1,	1,	1,	1,	1,	1,	1,	1,	1,	-1,	1,	1,	1,	1,	-1,	1,	1,	1,	1,	-1,	-1,	-1,	-1,	-1,	-1,	-1,	-1,	-1,	-1,	-1,	-1,	-1,	4,	4,	4,	4,	4,	4,	4,	4,	4,	4,	4,	-1,	-1,	-1,	-1,	-1,	-1,	-1,	-1,	-1,	-1,	-1,	-1,	-1,	-1,	-1,	-1,	-1,	-1,	),
(	-1,	-1,	-1,	-1,	-1,	0,	0,	0,	0,	-1,	0,	-1,	0,	0,	1,	1,	1,	1,	1,	1,	1,	1,	1,	1,	1,	1,	1,	-1,	-1,	1,	1,	1,	1,	1,	1,	1,	1,	-1,	-1,	-1,	-1,	-1,	-1,	-1,	-1,	-1,	-1,	-1,	-1,	-1,	-1,	-1,	4,	4,	4,	4,	4,	4,	4,	4,	4,	4,	4,	5,	-1,	-1,	-1,	-1,	-1,	-1,	-1,	-1,	-1,	-1,	-1,	-1,	-1,	-1,	-1,	-1,	),
(	-1,	-1,	-1,	-1,	-1,	-1,	0,	0,	-1,	0,	-1,	-1,	-1,	-1,	0,	37,	37,	37,	37,	37,	37,	2,	2,	2,	2,	2,	2,	2,	2,	2,	2,	2,	2,	2,	2,	2,	2,	2,	-1,	-1,	-1,	-1,	-1,	-1,	-1,	-1,	-1,	-1,	-1,	-1,	-1,	-1,	-1,	4,	4,	-1,	4,	4,	4,	4,	4,	4,	4,	4,	5,	5,	-1,	-1,	-1,	-1,	-1,	-1,	-1,	-1,	-1,	-1,	-1,	-1,	-1,	-1,	),
(	-1,	-1,	-1,	-1,	-1,	-1,	0,	-1,	-1,	-1,	-1,	-1,	-1,	-1,	-1,	0,	37,	37,	37,	37,	37,	2,	2,	2,	2,	2,	2,	2,	2,	2,	2,	2,	2,	2,	2,	2,	2,	2,	2,	2,	2,	3,	-1,	-1,	-1,	-1,	-1,	-1,	-1,	-1,	-1,	-1,	4,	4,	4,	4,	4,	4,	4,	4,	4,	4,	4,	4,	4,	5,	5,	5,	-1,	-1,	-1,	-1,	-1,	-1,	-1,	-1,	-1,	-1,	-1,	-1,	),
(	-1,	-1,	-1,	0,	-1,	0,	-1,	-1,	0,	-1,	-1,	-1,	-1,	-1,	-1,	0,	37,	37,	37,	37,	37,	2,	2,	2,	2,	2,	2,	2,	2,	2,	2,	2,	-1,	2,	2,	2,	2,	2,	2,	3,	3,	3,	3,	3,	3,	3,	3,	-1,	-1,	-1,	4,	4,	4,	4,	4,	4,	4,	4,	4,	4,	4,	-1,	4,	5,	5,	-1,	5,	5,	5,	-1,	-1,	-1,	-1,	-1,	-1,	-1,	-1,	-1,	-1,	-1,	),
(	-1,	0,	-1,	-1,	-1,	-1,	-1,	-1,	-1,	-1,	-1,	-1,	-1,	-1,	-1,	-1,	37,	37,	37,	37,	37,	2,	2,	2,	2,	2,	2,	2,	2,	2,	-1,	2,	-1,	2,	2,	2,	2,	3,	3,	3,	3,	3,	3,	3,	3,	3,	-1,	-1,	-1,	-1,	4,	4,	4,	4,	4,	4,	4,	4,	4,	-1,	4,	4,	4,	5,	5,	5,	5,	5,	5,	-1,	-1,	-1,	-1,	-1,	-1,	-1,	-1,	-1,	-1,	-1,	),
(	-1,	-1,	-1,	-1,	-1,	-1,	-1,	-1,	-1,	-1,	-1,	-1,	-1,	-1,	-1,	-1,	37,	37,	37,	37,	37,	2,	2,	2,	2,	2,	2,	2,	2,	2,	-1,	2,	-1,	2,	2,	3,	3,	3,	-1,	3,	3,	3,	3,	3,	3,	3,	3,	3,	-1,	-1,	4,	4,	4,	4,	4,	4,	-1,	4,	4,	4,	4,	4,	4,	4,	4,	4,	4,	-1,	-1,	-1,	5,	-1,	-1,	-1,	-1,	-1,	-1,	-1,	-1,	-1,	),
(	-1,	-1,	-1,	-1,	-1,	-1,	-1,	-1,	-1,	-1,	-1,	-1,	-1,	-1,	-1,	37,	-1,	37,	37,	37,	37,	37,	2,	2,	2,	2,	2,	2,	2,	2,	2,	2,	2,	2,	2,	3,	3,	3,	3,	3,	3,	3,	3,	3,	3,	3,	3,	3,	-1,	4,	4,	4,	4,	4,	4,	-1,	4,	4,	4,	4,	4,	4,	4,	4,	4,	-1,	-1,	-1,	-1,	5,	-1,	-1,	-1,	-1,	-1,	-1,	-1,	-1,	-1,	-1,	),
(	-1,	-1,	-1,	-1,	-1,	-1,	-1,	-1,	-1,	-1,	-1,	-1,	-1,	-1,	-1,	-1,	-1,	37,	37,	37,	37,	37,	37,	2,	2,	2,	2,	2,	2,	2,	2,	2,	2,	2,	-1,	3,	3,	3,	-1,	-1,	3,	3,	3,	3,	3,	3,	3,	3,	3,	4,	4,	4,	4,	4,	4,	4,	4,	4,	4,	4,	4,	4,	-1,	-1,	-1,	-1,	5,	-1,	-1,	5,	5,	-1,	-1,	-1,	-1,	-1,	-1,	-1,	-1,	-1,	),
(	-1,	-1,	-1,	-1,	-1,	-1,	-1,	-1,	-1,	-1,	-1,	-1,	-1,	-1,	-1,	15,	-1,	15,	15,	15,	15,	15,	15,	12,	12,	12,	12,	12,	12,	12,	12,	12,	12,	10,	10,	3,	3,	3,	-1,	-1,	-1,	-1,	3,	3,	3,	3,	3,	3,	3,	4,	4,	4,	4,	4,	-1,	4,	4,	4,	4,	4,	-1,	-1,	-1,	4,	4,	-1,	-1,	-1,	5,	5,	5,	-1,	-1,	-1,	-1,	-1,	-1,	-1,	-1,	-1,	),
(	-1,	-1,	-1,	-1,	-1,	-1,	-1,	-1,	-1,	-1,	-1,	-1,	-1,	-1,	-1,	15,	15,	15,	15,	15,	15,	15,	15,	12,	12,	12,	12,	12,	12,	12,	12,	12,	12,	10,	10,	10,	-1,	-1,	-1,	-1,	-1,	-1,	3,	3,	3,	3,	3,	3,	3,	3,	4,	4,	4,	4,	4,	4,	4,	4,	4,	-1,	-1,	4,	4,	4,	4,	4,	-1,	-1,	-1,	-1,	-1,	5,	-1,	-1,	-1,	-1,	-1,	-1,	-1,	-1,	),
(	-1,	-1,	-1,	-1,	-1,	-1,	-1,	-1,	-1,	-1,	-1,	-1,	-1,	-1,	-1,	15,	15,	15,	15,	15,	15,	15,	12,	12,	12,	12,	12,	12,	12,	12,	12,	12,	12,	10,	10,	-1,	-1,	-1,	10,	10,	-1,	-1,	-1,	3,	-1,	-1,	3,	3,	3,	3,	3,	4,	4,	4,	4,	4,	4,	4,	4,	4,	4,	6,	6,	5,	5,	5,	5,	-1,	5,	-1,	-1,	-1,	-1,	-1,	-1,	-1,	-1,	-1,	-1,	-1,	),
(	-1,	-1,	-1,	-1,	-1,	-1,	-1,	-1,	-1,	-1,	-1,	-1,	-1,	-1,	15,	15,	15,	15,	15,	11,	13,	13,	13,	12,	12,	12,	12,	12,	12,	12,	12,	12,	12,	10,	10,	10,	10,	10,	10,	10,	10,	10,	10,	-1,	-1,	-1,	-1,	-1,	3,	3,	3,	3,	3,	4,	4,	4,	4,	4,	4,	4,	4,	6,	6,	6,	5,	5,	-1,	5,	5,	-1,	-1,	-1,	-1,	-1,	-1,	-1,	-1,	-1,	-1,	-1,	),
(	-1,	-1,	-1,	-1,	-1,	-1,	-1,	-1,	-1,	-1,	-1,	-1,	-1,	-1,	15,	15,	15,	15,	13,	13,	13,	13,	13,	13,	12,	12,	12,	12,	12,	12,	12,	12,	12,	10,	10,	10,	10,	10,	10,	10,	-1,	-1,	-1,	10,	-1,	-1,	3,	-1,	3,	3,	3,	-1,	3,	3,	4,	4,	4,	6,	6,	6,	6,	6,	6,	6,	5,	-1,	5,	5,	-1,	-1,	-1,	-1,	-1,	-1,	-1,	-1,	-1,	-1,	-1,	-1,	),
(	-1,	-1,	-1,	-1,	-1,	-1,	-1,	-1,	-1,	-1,	-1,	-1,	-1,	15,	15,	15,	15,	12,	13,	13,	13,	13,	13,	13,	13,	12,	12,	12,	12,	12,	12,	12,	12,	10,	10,	-1,	10,	10,	10,	-1,	10,	-1,	10,	10,	-1,	-1,	3,	3,	3,	-1,	-1,	-1,	7,	7,	7,	-1,	7,	6,	6,	6,	6,	6,	-1,	-1,	-1,	-1,	5,	-1,	-1,	-1,	-1,	-1,	-1,	-1,	-1,	-1,	-1,	-1,	-1,	-1,	),
(	-1,	-1,	-1,	-1,	-1,	-1,	-1,	-1,	-1,	-1,	-1,	-1,	-1,	14,	14,	14,	14,	13,	13,	13,	13,	13,	13,	13,	13,	13,	12,	12,	12,	12,	12,	12,	12,	10,	10,	-1,	-1,	10,	10,	10,	-1,	-1,	10,	10,	10,	-1,	3,	3,	3,	7,	7,	7,	7,	7,	7,	7,	7,	6,	6,	6,	-1,	-1,	-1,	-1,	-1,	-1,	-1,	-1,	-1,	-1,	-1,	-1,	-1,	-1,	-1,	-1,	-1,	-1,	-1,	-1,	),
(	-1,	-1,	-1,	-1,	-1,	-1,	-1,	-1,	-1,	-1,	-1,	-1,	-1,	14,	14,	14,	14,	13,	13,	13,	13,	-1,	-1,	13,	13,	12,	12,	12,	12,	12,	12,	12,	12,	10,	10,	10,	-1,	10,	10,	10,	-1,	-1,	10,	10,	10,	3,	-1,	-1,	-1,	7,	7,	-1,	7,	7,	7,	7,	7,	6,	6,	6,	-1,	-1,	-1,	-1,	-1,	-1,	-1,	-1,	-1,	-1,	-1,	-1,	-1,	-1,	-1,	-1,	-1,	-1,	-1,	-1,	),
(	-1,	-1,	-1,	-1,	-1,	-1,	-1,	-1,	-1,	-1,	-1,	-1,	-1,	14,	14,	14,	14,	13,	13,	13,	13,	13,	-1,	13,	13,	13,	13,	12,	12,	12,	12,	12,	12,	10,	10,	10,	-1,	10,	10,	10,	-1,	10,	10,	10,	-1,	-1,	-1,	10,	7,	7,	7,	7,	7,	7,	7,	7,	7,	6,	6,	6,	6,	-1,	-1,	-1,	-1,	-1,	-1,	-1,	-1,	-1,	-1,	-1,	-1,	-1,	-1,	-1,	-1,	-1,	-1,	-1,	),
(	-1,	-1,	-1,	-1,	-1,	-1,	-1,	-1,	-1,	-1,	-1,	-1,	-1,	14,	14,	14,	14,	13,	-1,	13,	13,	13,	13,	13,	13,	13,	13,	12,	12,	12,	12,	12,	-1,	10,	10,	10,	-1,	10,	10,	10,	10,	10,	10,	10,	10,	10,	10,	10,	7,	7,	7,	7,	7,	7,	7,	7,	7,	-1,	-1,	-1,	-1,	-1,	-1,	-1,	-1,	-1,	-1,	-1,	-1,	-1,	-1,	-1,	-1,	-1,	-1,	-1,	-1,	-1,	-1,	-1,	),
(	-1,	-1,	-1,	-1,	-1,	-1,	-1,	-1,	-1,	-1,	-1,	-1,	-1,	14,	14,	-1,	14,	13,	13,	13,	13,	13,	13,	13,	13,	13,	13,	12,	12,	12,	12,	12,	-1,	10,	10,	10,	-1,	10,	10,	10,	10,	10,	10,	10,	10,	10,	10,	10,	7,	7,	7,	7,	7,	7,	7,	7,	-1,	7,	7,	-1,	-1,	-1,	-1,	-1,	-1,	-1,	-1,	-1,	-1,	-1,	-1,	-1,	-1,	-1,	-1,	-1,	-1,	-1,	-1,	-1,	),
(	-1,	-1,	-1,	-1,	-1,	-1,	-1,	-1,	-1,	-1,	-1,	-1,	-1,	-1,	-1,	-1,	14,	13,	13,	13,	13,	13,	13,	13,	13,	13,	13,	12,	12,	12,	12,	12,	12,	10,	10,	10,	-1,	10,	10,	10,	10,	10,	10,	10,	10,	10,	10,	10,	10,	7,	7,	7,	7,	7,	-1,	-1,	-1,	-1,	-1,	-1,	-1,	-1,	-1,	-1,	-1,	-1,	-1,	-1,	-1,	-1,	-1,	-1,	-1,	-1,	-1,	-1,	-1,	-1,	-1,	-1,	),
(	-1,	-1,	-1,	-1,	-1,	-1,	-1,	-1,	-1,	-1,	-1,	-1,	-1,	-1,	14,	-1,	14,	14,	13,	13,	13,	13,	13,	13,	13,	13,	13,	12,	12,	12,	12,	12,	12,	10,	-1,	-1,	10,	10,	10,	-1,	-1,	-1,	-1,	-1,	10,	10,	10,	10,	10,	8,	8,	7,	-1,	7,	7,	-1,	-1,	-1,	-1,	-1,	-1,	-1,	-1,	-1,	-1,	-1,	-1,	-1,	-1,	-1,	-1,	-1,	-1,	-1,	-1,	-1,	-1,	-1,	-1,	-1,	),
(	-1,	-1,	-1,	-1,	-1,	-1,	-1,	-1,	-1,	-1,	-1,	-1,	-1,	-1,	-1,	14,	14,	14,	11,	11,	11,	11,	11,	11,	11,	11,	11,	12,	12,	12,	12,	12,	12,	10,	10,	10,	10,	-1,	-1,	-1,	10,	10,	10,	10,	10,	10,	10,	10,	8,	8,	8,	8,	-1,	-1,	7,	-1,	-1,	-1,	-1,	-1,	-1,	-1,	-1,	-1,	-1,	-1,	-1,	-1,	-1,	-1,	-1,	-1,	-1,	-1,	-1,	-1,	-1,	-1,	-1,	-1,	),
(	-1,	-1,	-1,	-1,	-1,	-1,	-1,	-1,	-1,	-1,	-1,	-1,	-1,	-1,	-1,	14,	14,	14,	14,	11,	11,	11,	11,	11,	11,	11,	11,	12,	12,	39,	39,	39,	39,	39,	38,	38,	10,	-1,	10,	10,	10,	10,	10,	10,	10,	10,	8,	8,	8,	8,	8,	8,	8,	-1,	-1,	-1,	-1,	-1,	-1,	-1,	-1,	-1,	-1,	-1,	-1,	-1,	-1,	-1,	-1,	-1,	-1,	-1,	-1,	-1,	-1,	-1,	-1,	-1,	-1,	-1,	),
(	-1,	-1,	-1,	-1,	-1,	-1,	-1,	-1,	-1,	-1,	-1,	-1,	-1,	-1,	-1,	14,	14,	14,	14,	14,	11,	11,	11,	11,	11,	11,	11,	12,	39,	39,	39,	39,	39,	39,	38,	38,	38,	-1,	38,	38,	38,	38,	38,	38,	38,	8,	8,	8,	8,	8,	8,	8,	-1,	-1,	-1,	-1,	-1,	-1,	-1,	-1,	-1,	-1,	-1,	-1,	-1,	-1,	-1,	-1,	-1,	-1,	-1,	-1,	-1,	-1,	-1,	-1,	-1,	-1,	-1,	-1,	),
(	-1,	-1,	-1,	-1,	-1,	-1,	-1,	-1,	-1,	-1,	-1,	-1,	-1,	-1,	-1,	-1,	-1,	14,	14,	14,	11,	11,	11,	11,	11,	11,	11,	12,	39,	39,	39,	39,	39,	39,	38,	38,	38,	-1,	38,	38,	38,	38,	38,	38,	8,	8,	8,	8,	8,	8,	8,	-1,	-1,	-1,	-1,	-1,	-1,	-1,	-1,	-1,	-1,	-1,	-1,	-1,	-1,	-1,	-1,	-1,	-1,	-1,	-1,	-1,	-1,	-1,	-1,	-1,	-1,	-1,	-1,	-1,	),
(	-1,	-1,	-1,	-1,	-1,	-1,	-1,	-1,	-1,	-1,	-1,	-1,	-1,	-1,	-1,	-1,	-1,	-1,	14,	14,	11,	11,	11,	11,	11,	11,	11,	11,	39,	39,	39,	39,	39,	39,	39,	38,	38,	-1,	38,	38,	38,	38,	38,	8,	8,	8,	8,	8,	8,	-1,	-1,	-1,	-1,	-1,	-1,	-1,	-1,	-1,	-1,	-1,	-1,	-1,	-1,	-1,	-1,	-1,	-1,	-1,	-1,	-1,	-1,	-1,	-1,	-1,	-1,	-1,	-1,	-1,	-1,	-1,	),
(	-1,	-1,	-1,	-1,	-1,	-1,	-1,	-1,	-1,	-1,	-1,	-1,	-1,	-1,	-1,	-1,	-1,	-1,	16,	16,	11,	11,	11,	11,	11,	11,	11,	11,	39,	39,	39,	39,	39,	39,	39,	38,	38,	-1,	38,	38,	38,	38,	38,	38,	8,	8,	8,	8,	-1,	-1,	-1,	-1,	-1,	-1,	-1,	-1,	-1,	-1,	-1,	-1,	-1,	-1,	-1,	-1,	-1,	-1,	-1,	-1,	-1,	-1,	-1,	-1,	-1,	-1,	-1,	-1,	-1,	-1,	-1,	-1,	),
(	-1,	-1,	-1,	-1,	-1,	-1,	-1,	-1,	-1,	-1,	-1,	-1,	-1,	-1,	-1,	-1,	-1,	-1,	16,	-1,	16,	16,	16,	11,	16,	16,	39,	39,	39,	39,	39,	39,	39,	39,	39,	38,	38,	38,	38,	38,	38,	38,	38,	38,	8,	8,	8,	-1,	-1,	-1,	-1,	-1,	-1,	-1,	-1,	-1,	-1,	-1,	-1,	-1,	-1,	-1,	-1,	-1,	-1,	-1,	-1,	-1,	-1,	-1,	-1,	-1,	-1,	-1,	-1,	-1,	-1,	-1,	-1,	-1,	),
(	-1,	-1,	-1,	-1,	-1,	-1,	-1,	-1,	-1,	-1,	-1,	-1,	-1,	-1,	-1,	-1,	-1,	-1,	16,	-1,	-1,	16,	16,	16,	16,	16,	39,	39,	39,	39,	39,	39,	39,	39,	39,	38,	38,	38,	-1,	-1,	38,	38,	9,	9,	9,	9,	9,	-1,	-1,	-1,	-1,	-1,	-1,	-1,	-1,	-1,	-1,	-1,	-1,	-1,	-1,	-1,	-1,	-1,	-1,	-1,	-1,	-1,	-1,	-1,	-1,	-1,	-1,	-1,	-1,	-1,	-1,	-1,	-1,	-1,	),
(	-1,	-1,	-1,	-1,	-1,	-1,	-1,	-1,	-1,	-1,	-1,	-1,	-1,	-1,	-1,	-1,	-1,	-1,	-1,	16,	-1,	-1,	16,	16,	16,	16,	16,	39,	16,	39,	39,	39,	39,	39,	-1,	-1,	38,	38,	38,	-1,	-1,	-1,	-1,	9,	-1,	9,	9,	-1,	-1,	-1,	-1,	-1,	-1,	-1,	-1,	-1,	-1,	-1,	-1,	-1,	-1,	-1,	-1,	-1,	-1,	-1,	-1,	-1,	-1,	-1,	-1,	-1,	-1,	-1,	-1,	-1,	-1,	-1,	-1,	-1,	),
(	-1,	-1,	-1,	-1,	-1,	-1,	-1,	-1,	-1,	-1,	-1,	-1,	-1,	-1,	-1,	-1,	-1,	-1,	-1,	-1,	16,	-1,	16,	16,	16,	16,	16,	16,	16,	16,	39,	39,	-1,	-1,	-1,	-1,	-1,	-1,	-1,	-1,	-1,	-1,	-1,	-1,	-1,	9,	9,	9,	-1,	-1,	-1,	-1,	-1,	-1,	-1,	-1,	-1,	-1,	-1,	-1,	-1,	-1,	-1,	-1,	-1,	-1,	-1,	-1,	-1,	-1,	-1,	-1,	-1,	-1,	-1,	-1,	-1,	-1,	-1,	-1,	),
(	-1,	-1,	-1,	-1,	-1,	-1,	-1,	-1,	-1,	-1,	-1,	-1,	-1,	-1,	-1,	-1,	-1,	-1,	-1,	16,	16,	-1,	-1,	16,	16,	16,	16,	16,	16,	16,	39,	39,	-1,	-1,	-1,	-1,	-1,	-1,	-1,	-1,	-1,	-1,	-1,	-1,	-1,	9,	-1,	9,	-1,	-1,	-1,	-1,	-1,	-1,	-1,	-1,	-1,	-1,	-1,	-1,	-1,	-1,	-1,	-1,	-1,	-1,	-1,	-1,	-1,	-1,	-1,	-1,	-1,	-1,	-1,	-1,	-1,	-1,	-1,	-1,	),
(	-1,	-1,	-1,	-1,	-1,	-1,	-1,	-1,	-1,	-1,	-1,	-1,	-1,	-1,	-1,	-1,	-1,	-1,	-1,	-1,	-1,	16,	-1,	16,	16,	16,	16,	16,	-1,	16,	16,	39,	-1,	-1,	-1,	-1,	-1,	-1,	-1,	-1,	-1,	-1,	-1,	-1,	-1,	-1,	9,	9,	-1,	-1,	-1,	-1,	-1,	-1,	-1,	-1,	-1,	-1,	-1,	-1,	-1,	-1,	-1,	-1,	-1,	-1,	-1,	-1,	-1,	-1,	-1,	-1,	-1,	-1,	-1,	-1,	-1,	-1,	-1,	-1,	),
(	-1,	-1,	-1,	-1,	-1,	-1,	-1,	-1,	-1,	-1,	-1,	-1,	-1,	-1,	-1,	-1,	-1,	-1,	-1,	-1,	-1,	16,	-1,	-1,	16,	16,	16,	16,	16,	16,	16,	16,	-1,	-1,	-1,	-1,	-1,	-1,	-1,	-1,	-1,	-1,	-1,	-1,	-1,	-1,	-1,	9,	-1,	-1,	-1,	-1,	-1,	-1,	-1,	-1,	-1,	-1,	-1,	-1,	-1,	-1,	-1,	-1,	-1,	-1,	-1,	-1,	-1,	-1,	-1,	-1,	-1,	-1,	-1,	-1,	-1,	-1,	-1,	-1,	),
(	-1,	-1,	-1,	-1,	-1,	-1,	-1,	-1,	-1,	-1,	-1,	-1,	-1,	-1,	-1,	-1,	-1,	-1,	-1,	-1,	-1,	16,	-1,	-1,	-1,	16,	16,	16,	16,	16,	16,	17,	-1,	-1,	-1,	-1,	-1,	-1,	-1,	-1,	-1,	-1,	-1,	-1,	-1,	-1,	-1,	-1,	-1,	-1,	20,	-1,	-1,	-1,	-1,	-1,	-1,	-1,	-1,	-1,	-1,	-1,	-1,	-1,	-1,	-1,	-1,	-1,	-1,	-1,	-1,	-1,	-1,	-1,	-1,	-1,	-1,	-1,	-1,	-1,	),
(	-1,	-1,	-1,	-1,	-1,	-1,	-1,	-1,	-1,	-1,	-1,	-1,	-1,	-1,	-1,	-1,	-1,	-1,	-1,	-1,	-1,	-1,	16,	-1,	-1,	16,	16,	16,	16,	16,	17,	-1,	-1,	-1,	-1,	-1,	-1,	-1,	-1,	-1,	-1,	-1,	-1,	-1,	-1,	-1,	-1,	-1,	-1,	-1,	-1,	-1,	-1,	-1,	-1,	-1,	-1,	-1,	-1,	-1,	-1,	-1,	-1,	-1,	-1,	-1,	-1,	-1,	-1,	-1,	-1,	-1,	-1,	-1,	-1,	-1,	-1,	-1,	-1,	-1,	),
(	-1,	-1,	-1,	-1,	-1,	-1,	-1,	-1,	-1,	-1,	-1,	-1,	-1,	-1,	-1,	-1,	-1,	-1,	-1,	-1,	-1,	-1,	-1,	-1,	-1,	-1,	16,	16,	17,	17,	17,	-1,	-1,	-1,	-1,	-1,	18,	18,	18,	-1,	-1,	20,	20,	20,	20,	20,	20,	-1,	-1,	-1,	-1,	-1,	20,	-1,	-1,	-1,	-1,	-1,	-1,	-1,	-1,	-1,	-1,	-1,	-1,	-1,	-1,	-1,	-1,	-1,	-1,	-1,	-1,	-1,	-1,	-1,	-1,	-1,	-1,	-1,	),
(	-1,	-1,	-1,	-1,	-1,	-1,	-1,	-1,	-1,	-1,	-1,	-1,	-1,	-1,	-1,	-1,	-1,	-1,	-1,	-1,	-1,	-1,	-1,	-1,	-1,	-1,	16,	17,	17,	-1,	17,	17,	-1,	-1,	-1,	18,	18,	18,	18,	-1,	-1,	20,	-1,	-1,	-1,	20,	20,	20,	20,	20,	-1,	-1,	-1,	-1,	-1,	-1,	-1,	-1,	-1,	-1,	-1,	-1,	-1,	-1,	-1,	-1,	-1,	-1,	-1,	-1,	-1,	-1,	-1,	-1,	-1,	-1,	-1,	-1,	-1,	-1,	),
(	-1,	-1,	-1,	-1,	-1,	-1,	-1,	-1,	-1,	-1,	-1,	-1,	-1,	-1,	-1,	-1,	-1,	-1,	-1,	-1,	-1,	-1,	-1,	-1,	-1,	-1,	17,	17,	17,	17,	17,	17,	-1,	-1,	-1,	18,	18,	18,	-1,	-1,	-1,	-1,	-1,	20,	-1,	-1,	-1,	20,	20,	20,	20,	-1,	20,	20,	20,	20,	-1,	-1,	-1,	-1,	-1,	-1,	-1,	-1,	-1,	-1,	-1,	-1,	-1,	-1,	-1,	-1,	-1,	-1,	-1,	-1,	-1,	-1,	-1,	-1,	),
(	-1,	-1,	-1,	-1,	-1,	-1,	-1,	-1,	-1,	-1,	-1,	-1,	-1,	-1,	-1,	-1,	-1,	-1,	-1,	-1,	-1,	-1,	-1,	-1,	-1,	-1,	-1,	17,	17,	17,	17,	17,	17,	17,	18,	18,	18,	19,	-1,	-1,	-1,	-1,	-1,	-1,	-1,	-1,	-1,	-1,	-1,	-1,	-1,	-1,	-1,	20,	20,	20,	20,	-1,	20,	20,	-1,	-1,	-1,	-1,	-1,	-1,	-1,	-1,	-1,	-1,	-1,	-1,	-1,	-1,	-1,	-1,	-1,	-1,	-1,	-1,	),
(	-1,	-1,	-1,	-1,	-1,	-1,	-1,	-1,	-1,	-1,	-1,	-1,	-1,	-1,	-1,	-1,	-1,	-1,	-1,	-1,	-1,	-1,	-1,	-1,	-1,	-1,	-1,	-1,	-1,	17,	17,	17,	17,	17,	18,	18,	19,	19,	-1,	-1,	-1,	-1,	-1,	-1,	20,	-1,	-1,	20,	20,	-1,	-1,	20,	20,	20,	20,	-1,	-1,	-1,	-1,	-1,	-1,	20,	-1,	-1,	-1,	-1,	-1,	-1,	-1,	-1,	-1,	-1,	-1,	-1,	-1,	-1,	-1,	-1,	-1,	-1,	),
(	-1,	-1,	-1,	-1,	-1,	-1,	-1,	-1,	-1,	-1,	-1,	-1,	-1,	-1,	-1,	-1,	-1,	-1,	-1,	-1,	-1,	-1,	-1,	-1,	-1,	-1,	-1,	-1,	-1,	-1,	17,	17,	17,	-1,	18,	19,	19,	19,	19,	19,	19,	-1,	-1,	-1,	-1,	-1,	-1,	-1,	-1,	-1,	-1,	-1,	-1,	-1,	-1,	-1,	-1,	-1,	-1,	-1,	-1,	-1,	-1,	-1,	-1,	-1,	-1,	-1,	-1,	-1,	-1,	-1,	-1,	-1,	-1,	-1,	-1,	-1,	-1,	-1,	),
(	-1,	21,	-1,	-1,	-1,	-1,	-1,	-1,	-1,	-1,	-1,	-1,	-1,	-1,	-1,	-1,	-1,	-1,	-1,	-1,	-1,	-1,	-1,	-1,	-1,	-1,	-1,	-1,	-1,	-1,	-1,	-1,	-1,	-1,	-1,	-1,	19,	19,	19,	19,	19,	19,	-1,	-1,	-1,	-1,	-1,	-1,	-1,	-1,	-1,	-1,	-1,	-1,	-1,	-1,	-1,	-1,	-1,	-1,	-1,	-1,	20,	-1,	-1,	-1,	-1,	-1,	-1,	-1,	-1,	-1,	-1,	-1,	-1,	-1,	-1,	-1,	-1,	-1,	),
(	-1,	21,	21,	-1,	21,	21,	-1,	-1,	-1,	21,	21,	-1,	-1,	-1,	-1,	-1,	-1,	-1,	-1,	-1,	-1,	-1,	-1,	-1,	-1,	-1,	-1,	-1,	-1,	-1,	-1,	-1,	-1,	-1,	-1,	-1,	-1,	-1,	19,	19,	19,	-1,	-1,	-1,	-1,	-1,	-1,	-1,	-1,	-1,	-1,	20,	-1,	-1,	-1,	-1,	-1,	-1,	-1,	-1,	-1,	-1,	-1,	-1,	-1,	-1,	-1,	-1,	-1,	-1,	-1,	-1,	-1,	-1,	-1,	-1,	-1,	-1,	-1,	-1,	),
(	-1,	-1,	-1,	-1,	21,	21,	21,	-1,	-1,	-1,	-1,	-1,	-1,	-1,	-1,	-1,	-1,	-1,	-1,	-1,	-1,	-1,	-1,	-1,	-1,	-1,	-1,	-1,	-1,	-1,	-1,	-1,	-1,	-1,	-1,	-1,	-1,	-1,	19,	-1,	19,	-1,	-1,	-1,	-1,	-1,	-1,	-1,	-1,	23,	-1,	-1,	-1,	-1,	-1,	-1,	-1,	-1,	-1,	-1,	20,	-1,	-1,	-1,	-1,	-1,	-1,	-1,	-1,	-1,	-1,	-1,	-1,	-1,	-1,	-1,	-1,	-1,	-1,	-1,	),
(	-1,	-1,	-1,	-1,	-1,	-1,	-1,	-1,	21,	-1,	21,	21,	21,	-1,	-1,	-1,	-1,	-1,	-1,	-1,	-1,	-1,	-1,	-1,	-1,	-1,	-1,	-1,	-1,	-1,	-1,	-1,	-1,	-1,	-1,	-1,	-1,	-1,	-1,	19,	19,	19,	-1,	-1,	-1,	-1,	-1,	22,	22,	23,	-1,	23,	23,	23,	-1,	23,	-1,	-1,	-1,	-1,	-1,	-1,	-1,	-1,	-1,	-1,	-1,	-1,	-1,	-1,	-1,	-1,	-1,	-1,	-1,	-1,	-1,	-1,	-1,	-1,	),
(	-1,	-1,	-1,	-1,	-1,	-1,	-1,	-1,	-1,	-1,	-1,	21,	21,	-1,	-1,	-1,	-1,	-1,	-1,	-1,	-1,	-1,	-1,	-1,	-1,	-1,	-1,	-1,	-1,	-1,	-1,	-1,	-1,	-1,	-1,	-1,	-1,	-1,	-1,	-1,	19,	19,	19,	-1,	19,	-1,	22,	22,	22,	23,	-1,	23,	23,	23,	23,	23,	23,	23,	-1,	-1,	-1,	-1,	-1,	-1,	-1,	-1,	-1,	-1,	-1,	-1,	-1,	-1,	-1,	-1,	-1,	-1,	-1,	-1,	-1,	-1,	),
(	-1,	-1,	-1,	-1,	-1,	-1,	-1,	-1,	-1,	21,	-1,	-1,	-1,	-1,	-1,	-1,	-1,	-1,	-1,	-1,	-1,	-1,	-1,	-1,	-1,	-1,	-1,	-1,	-1,	-1,	-1,	-1,	-1,	-1,	-1,	-1,	-1,	-1,	-1,	-1,	-1,	-1,	-1,	19,	-1,	22,	22,	22,	22,	23,	23,	23,	23,	23,	23,	23,	-1,	23,	24,	-1,	-1,	-1,	-1,	-1,	-1,	-1,	-1,	-1,	-1,	-1,	-1,	-1,	-1,	-1,	-1,	-1,	-1,	-1,	-1,	-1,	),
(	-1,	-1,	-1,	-1,	-1,	-1,	-1,	-1,	-1,	-1,	-1,	-1,	21,	21,	-1,	-1,	-1,	-1,	-1,	-1,	-1,	-1,	-1,	-1,	-1,	-1,	-1,	-1,	-1,	-1,	-1,	-1,	-1,	-1,	-1,	-1,	-1,	-1,	-1,	-1,	-1,	-1,	-1,	-1,	-1,	-1,	22,	22,	22,	22,	22,	23,	23,	23,	23,	23,	23,	23,	24,	24,	-1,	-1,	-1,	-1,	-1,	-1,	-1,	-1,	-1,	-1,	-1,	-1,	-1,	-1,	-1,	-1,	-1,	-1,	-1,	-1,	),
(	-1,	-1,	-1,	-1,	-1,	-1,	-1,	-1,	-1,	-1,	-1,	-1,	-1,	21,	21,	-1,	-1,	-1,	-1,	-1,	-1,	-1,	-1,	-1,	-1,	-1,	-1,	-1,	-1,	-1,	-1,	-1,	-1,	-1,	-1,	-1,	-1,	-1,	-1,	-1,	-1,	-1,	-1,	-1,	-1,	-1,	22,	22,	22,	22,	22,	22,	22,	23,	23,	23,	23,	23,	24,	24,	24,	24,	24,	24,	-1,	-1,	-1,	-1,	-1,	-1,	-1,	-1,	-1,	-1,	-1,	-1,	-1,	-1,	-1,	-1,	),
(	-1,	-1,	-1,	-1,	-1,	-1,	-1,	-1,	-1,	-1,	-1,	-1,	21,	21,	21,	21,	-1,	-1,	-1,	-1,	-1,	-1,	-1,	-1,	-1,	-1,	-1,	-1,	-1,	-1,	-1,	-1,	-1,	-1,	-1,	-1,	-1,	-1,	-1,	-1,	-1,	-1,	-1,	-1,	-1,	-1,	22,	22,	22,	22,	22,	22,	22,	23,	23,	27,	27,	27,	24,	24,	24,	24,	24,	24,	27,	-1,	-1,	-1,	-1,	-1,	-1,	-1,	-1,	-1,	-1,	-1,	-1,	-1,	-1,	-1,	),
(	-1,	-1,	-1,	-1,	-1,	-1,	-1,	-1,	-1,	-1,	-1,	-1,	21,	21,	21,	-1,	-1,	-1,	-1,	-1,	-1,	-1,	-1,	-1,	-1,	-1,	-1,	-1,	-1,	-1,	-1,	-1,	-1,	-1,	-1,	-1,	-1,	-1,	-1,	-1,	-1,	-1,	-1,	-1,	-1,	22,	22,	22,	22,	22,	22,	22,	22,	23,	23,	23,	27,	27,	24,	24,	24,	24,	24,	24,	27,	-1,	-1,	-1,	-1,	-1,	-1,	-1,	-1,	-1,	-1,	-1,	-1,	-1,	-1,	-1,	),
(	-1,	-1,	-1,	-1,	-1,	-1,	-1,	-1,	-1,	-1,	-1,	-1,	-1,	21,	-1,	-1,	-1,	-1,	-1,	-1,	-1,	-1,	-1,	-1,	-1,	-1,	-1,	-1,	-1,	-1,	-1,	-1,	-1,	-1,	-1,	-1,	-1,	-1,	-1,	-1,	-1,	-1,	-1,	-1,	25,	25,	25,	22,	22,	22,	22,	27,	27,	23,	23,	27,	27,	27,	27,	27,	27,	27,	27,	27,	27,	-1,	-1,	-1,	-1,	-1,	-1,	-1,	-1,	-1,	-1,	-1,	-1,	-1,	-1,	-1,	),
(	-1,	-1,	-1,	-1,	-1,	-1,	-1,	-1,	-1,	-1,	-1,	-1,	-1,	-1,	-1,	-1,	-1,	-1,	-1,	-1,	-1,	-1,	-1,	-1,	-1,	-1,	-1,	-1,	-1,	-1,	-1,	-1,	-1,	-1,	-1,	-1,	-1,	-1,	-1,	-1,	-1,	-1,	-1,	25,	25,	25,	25,	25,	22,	22,	22,	27,	27,	27,	27,	27,	27,	27,	27,	27,	27,	27,	27,	27,	27,	27,	-1,	-1,	-1,	-1,	-1,	-1,	-1,	-1,	-1,	-1,	-1,	-1,	-1,	-1,	),
(	-1,	-1,	-1,	-1,	-1,	-1,	-1,	-1,	-1,	-1,	-1,	-1,	-1,	-1,	-1,	-1,	-1,	-1,	-1,	-1,	-1,	-1,	-1,	-1,	-1,	-1,	-1,	-1,	-1,	-1,	-1,	-1,	-1,	-1,	-1,	-1,	-1,	-1,	-1,	-1,	-1,	-1,	-1,	25,	25,	25,	25,	25,	25,	22,	22,	22,	27,	27,	27,	27,	27,	27,	27,	27,	27,	27,	27,	-1,	-1,	27,	27,	27,	27,	-1,	-1,	-1,	-1,	-1,	-1,	-1,	-1,	-1,	-1,	-1,	),
(	-1,	-1,	-1,	-1,	-1,	-1,	-1,	-1,	-1,	-1,	-1,	-1,	-1,	-1,	-1,	-1,	-1,	-1,	-1,	-1,	-1,	-1,	-1,	-1,	-1,	-1,	-1,	-1,	-1,	-1,	-1,	-1,	-1,	-1,	25,	-1,	25,	-1,	-1,	-1,	-1,	-1,	-1,	-1,	25,	25,	25,	25,	25,	25,	25,	22,	27,	27,	27,	27,	27,	27,	27,	-1,	-1,	-1,	27,	27,	27,	27,	27,	27,	27,	27,	-1,	27,	28,	-1,	-1,	-1,	-1,	-1,	-1,	-1,	),
(	-1,	-1,	-1,	-1,	-1,	-1,	-1,	-1,	-1,	-1,	-1,	-1,	-1,	-1,	-1,	-1,	-1,	-1,	-1,	-1,	-1,	-1,	-1,	-1,	-1,	-1,	-1,	-1,	-1,	-1,	-1,	-1,	-1,	-1,	25,	-1,	-1,	-1,	-1,	-1,	-1,	-1,	-1,	25,	25,	25,	25,	25,	25,	25,	27,	27,	27,	-1,	-1,	-1,	-1,	-1,	27,	27,	27,	27,	27,	27,	27,	27,	27,	-1,	27,	27,	27,	27,	28,	28,	28,	-1,	-1,	-1,	-1,	-1,	),
(	-1,	-1,	-1,	-1,	-1,	-1,	-1,	-1,	-1,	-1,	-1,	-1,	-1,	-1,	-1,	-1,	-1,	-1,	-1,	-1,	-1,	-1,	-1,	-1,	-1,	-1,	-1,	-1,	-1,	-1,	-1,	-1,	-1,	-1,	-1,	-1,	-1,	-1,	-1,	-1,	-1,	-1,	-1,	25,	25,	25,	25,	25,	25,	27,	27,	-1,	-1,	-1,	27,	27,	27,	27,	27,	27,	27,	27,	27,	27,	27,	27,	27,	27,	27,	27,	27,	28,	28,	28,	28,	28,	28,	-1,	-1,	-1,	),
(	-1,	-1,	-1,	-1,	-1,	-1,	-1,	-1,	-1,	-1,	-1,	-1,	-1,	-1,	-1,	-1,	-1,	-1,	-1,	-1,	-1,	-1,	-1,	-1,	-1,	-1,	-1,	-1,	-1,	-1,	-1,	-1,	-1,	-1,	-1,	-1,	-1,	-1,	-1,	-1,	-1,	-1,	-1,	-1,	25,	25,	25,	25,	27,	27,	27,	27,	27,	27,	27,	27,	27,	27,	27,	27,	27,	27,	27,	27,	27,	27,	27,	27,	27,	27,	28,	28,	28,	28,	28,	28,	28,	28,	-1,	-1,	),
(	-1,	-1,	-1,	-1,	-1,	-1,	-1,	-1,	-1,	-1,	-1,	-1,	-1,	-1,	-1,	-1,	-1,	-1,	-1,	-1,	-1,	-1,	-1,	-1,	-1,	-1,	-1,	-1,	-1,	-1,	-1,	-1,	-1,	-1,	-1,	-1,	-1,	-1,	-1,	-1,	-1,	-1,	-1,	-1,	-1,	25,	25,	25,	25,	27,	27,	27,	27,	27,	27,	27,	27,	27,	27,	27,	27,	27,	27,	27,	27,	27,	27,	27,	28,	28,	28,	28,	-1,	28,	28,	28,	28,	28,	-1,	-1,	),
(	-1,	-1,	-1,	-1,	-1,	-1,	-1,	-1,	-1,	-1,	-1,	-1,	-1,	-1,	-1,	-1,	-1,	-1,	-1,	-1,	-1,	-1,	-1,	-1,	-1,	-1,	-1,	-1,	-1,	-1,	-1,	-1,	-1,	-1,	-1,	-1,	-1,	-1,	-1,	-1,	-1,	-1,	-1,	-1,	-1,	25,	25,	25,	25,	25,	25,	27,	27,	26,	27,	27,	27,	27,	27,	27,	27,	27,	27,	27,	27,	27,	28,	28,	28,	28,	28,	28,	28,	28,	28,	28,	28,	-1,	-1,	-1,	),
(	-1,	-1,	-1,	-1,	-1,	-1,	-1,	-1,	-1,	-1,	-1,	-1,	-1,	-1,	-1,	-1,	-1,	-1,	-1,	-1,	-1,	-1,	-1,	-1,	-1,	-1,	-1,	-1,	-1,	-1,	-1,	-1,	-1,	-1,	-1,	-1,	-1,	-1,	-1,	-1,	-1,	-1,	-1,	-1,	-1,	-1,	25,	25,	25,	25,	25,	25,	26,	26,	26,	27,	27,	27,	27,	27,	27,	27,	27,	27,	27,	28,	28,	28,	28,	28,	28,	28,	28,	28,	28,	28,	-1,	-1,	-1,	-1,	),
(	-1,	-1,	-1,	-1,	-1,	-1,	-1,	-1,	-1,	-1,	-1,	-1,	-1,	-1,	-1,	-1,	-1,	-1,	-1,	-1,	-1,	-1,	-1,	-1,	-1,	-1,	-1,	-1,	-1,	-1,	-1,	-1,	-1,	-1,	-1,	-1,	-1,	-1,	-1,	-1,	-1,	-1,	-1,	-1,	-1,	-1,	25,	25,	25,	25,	25,	25,	26,	26,	26,	26,	27,	27,	27,	27,	27,	27,	27,	28,	28,	28,	28,	28,	28,	28,	28,	28,	28,	28,	28,	-1,	-1,	-1,	-1,	-1,	),
(	-1,	-1,	-1,	-1,	-1,	-1,	-1,	-1,	-1,	-1,	-1,	-1,	-1,	-1,	-1,	-1,	-1,	-1,	-1,	-1,	-1,	-1,	-1,	-1,	-1,	-1,	-1,	-1,	-1,	-1,	-1,	-1,	-1,	-1,	-1,	-1,	-1,	-1,	-1,	-1,	-1,	-1,	-1,	-1,	-1,	-1,	-1,	25,	25,	25,	25,	26,	26,	26,	26,	26,	26,	26,	29,	29,	27,	27,	29,	28,	28,	28,	28,	28,	28,	28,	28,	28,	28,	28,	-1,	-1,	-1,	-1,	-1,	-1,	),
(	-1,	-1,	-1,	-1,	-1,	-1,	-1,	-1,	-1,	-1,	-1,	-1,	-1,	-1,	-1,	-1,	-1,	-1,	-1,	-1,	-1,	-1,	-1,	-1,	-1,	-1,	-1,	-1,	-1,	-1,	-1,	-1,	-1,	-1,	-1,	-1,	-1,	-1,	-1,	-1,	-1,	-1,	-1,	-1,	-1,	-1,	-1,	-1,	25,	25,	-1,	-1,	26,	26,	26,	26,	26,	26,	29,	29,	29,	29,	29,	29,	28,	28,	28,	28,	28,	28,	28,	28,	28,	28,	-1,	-1,	-1,	-1,	-1,	-1,	),
(	-1,	-1,	-1,	-1,	-1,	-1,	-1,	-1,	-1,	-1,	-1,	-1,	-1,	-1,	-1,	-1,	-1,	-1,	-1,	-1,	-1,	-1,	-1,	-1,	-1,	-1,	-1,	-1,	-1,	-1,	-1,	-1,	-1,	-1,	-1,	-1,	-1,	-1,	-1,	-1,	-1,	-1,	-1,	-1,	-1,	-1,	-1,	-1,	-1,	25,	25,	26,	26,	26,	26,	26,	26,	26,	26,	29,	29,	29,	29,	29,	29,	28,	28,	28,	28,	28,	28,	28,	28,	28,	-1,	-1,	-1,	-1,	-1,	-1,	),
(	-1,	-1,	-1,	-1,	-1,	-1,	-1,	-1,	-1,	-1,	-1,	-1,	-1,	-1,	-1,	-1,	-1,	-1,	-1,	-1,	-1,	-1,	-1,	-1,	-1,	-1,	-1,	-1,	-1,	-1,	-1,	-1,	-1,	-1,	-1,	-1,	-1,	-1,	-1,	-1,	-1,	-1,	-1,	-1,	-1,	-1,	-1,	-1,	-1,	-1,	26,	26,	-1,	26,	26,	26,	26,	26,	26,	29,	29,	29,	29,	29,	29,	29,	28,	28,	28,	28,	28,	28,	28,	28,	-1,	-1,	-1,	-1,	-1,	-1,	),
(	-1,	-1,	-1,	-1,	-1,	-1,	-1,	-1,	-1,	-1,	-1,	-1,	-1,	-1,	-1,	-1,	-1,	-1,	-1,	-1,	-1,	-1,	-1,	-1,	-1,	-1,	-1,	-1,	-1,	-1,	-1,	-1,	-1,	-1,	-1,	-1,	-1,	-1,	-1,	-1,	-1,	-1,	-1,	-1,	-1,	-1,	-1,	-1,	-1,	-1,	30,	30,	26,	26,	26,	26,	26,	31,	26,	29,	29,	29,	29,	29,	29,	29,	28,	28,	28,	28,	28,	28,	28,	-1,	-1,	-1,	-1,	-1,	-1,	-1,	),
(	-1,	-1,	-1,	-1,	-1,	-1,	-1,	-1,	-1,	-1,	-1,	-1,	-1,	-1,	-1,	-1,	-1,	-1,	-1,	-1,	-1,	-1,	-1,	-1,	-1,	-1,	-1,	-1,	-1,	-1,	-1,	-1,	-1,	-1,	-1,	-1,	-1,	-1,	-1,	-1,	-1,	-1,	-1,	-1,	-1,	-1,	-1,	-1,	-1,	-1,	-1,	30,	26,	26,	26,	26,	31,	31,	31,	29,	29,	29,	29,	29,	29,	29,	28,	28,	28,	28,	28,	28,	28,	-1,	-1,	-1,	-1,	-1,	-1,	-1,	),
(	-1,	-1,	-1,	-1,	-1,	-1,	-1,	-1,	-1,	-1,	-1,	-1,	-1,	-1,	-1,	-1,	-1,	-1,	-1,	-1,	-1,	-1,	-1,	-1,	-1,	-1,	-1,	-1,	-1,	-1,	-1,	-1,	-1,	-1,	-1,	-1,	-1,	-1,	-1,	-1,	-1,	-1,	-1,	-1,	-1,	-1,	-1,	-1,	-1,	-1,	30,	30,	26,	33,	26,	33,	31,	31,	31,	29,	29,	29,	29,	29,	29,	29,	28,	28,	28,	28,	28,	28,	28,	-1,	-1,	-1,	-1,	-1,	-1,	-1,	),
(	-1,	-1,	-1,	-1,	-1,	-1,	-1,	-1,	-1,	-1,	-1,	-1,	-1,	-1,	-1,	-1,	-1,	-1,	-1,	-1,	-1,	-1,	-1,	-1,	-1,	-1,	-1,	-1,	-1,	-1,	-1,	-1,	-1,	-1,	-1,	-1,	-1,	-1,	-1,	-1,	-1,	-1,	-1,	-1,	-1,	-1,	-1,	-1,	-1,	-1,	30,	30,	30,	33,	33,	33,	31,	31,	31,	31,	31,	29,	29,	29,	29,	28,	28,	28,	28,	28,	28,	28,	-1,	-1,	-1,	-1,	-1,	-1,	-1,	-1,	),
(	-1,	-1,	-1,	-1,	-1,	-1,	-1,	-1,	-1,	-1,	-1,	-1,	-1,	-1,	-1,	-1,	-1,	-1,	-1,	-1,	-1,	-1,	-1,	-1,	-1,	-1,	-1,	-1,	-1,	-1,	-1,	-1,	-1,	-1,	-1,	-1,	-1,	-1,	-1,	-1,	-1,	-1,	-1,	-1,	-1,	-1,	-1,	-1,	-1,	-1,	30,	30,	33,	33,	33,	33,	33,	33,	31,	31,	31,	29,	29,	28,	28,	28,	28,	28,	28,	28,	-1,	28,	-1,	-1,	-1,	-1,	-1,	-1,	-1,	-1,	),
(	-1,	-1,	-1,	-1,	-1,	-1,	-1,	-1,	-1,	-1,	-1,	-1,	-1,	-1,	-1,	-1,	-1,	-1,	-1,	-1,	-1,	-1,	-1,	-1,	-1,	-1,	-1,	-1,	-1,	-1,	-1,	-1,	-1,	-1,	-1,	-1,	-1,	-1,	-1,	-1,	-1,	-1,	-1,	-1,	-1,	-1,	-1,	-1,	-1,	-1,	30,	30,	33,	33,	33,	33,	33,	33,	33,	31,	31,	29,	29,	28,	28,	28,	28,	28,	-1,	-1,	-1,	-1,	-1,	-1,	-1,	-1,	-1,	-1,	-1,	-1,	),
(	-1,	-1,	-1,	-1,	-1,	-1,	-1,	-1,	-1,	-1,	-1,	-1,	-1,	-1,	-1,	-1,	-1,	-1,	-1,	-1,	-1,	-1,	-1,	-1,	-1,	-1,	-1,	-1,	-1,	-1,	-1,	-1,	-1,	-1,	-1,	-1,	-1,	-1,	-1,	-1,	-1,	-1,	-1,	-1,	-1,	-1,	-1,	-1,	-1,	-1,	30,	30,	33,	33,	33,	33,	33,	33,	33,	31,	31,	33,	28,	28,	28,	28,	-1,	-1,	-1,	-1,	-1,	-1,	-1,	-1,	-1,	-1,	-1,	-1,	-1,	-1,	),
(	-1,	-1,	-1,	-1,	-1,	-1,	-1,	-1,	-1,	-1,	-1,	-1,	-1,	-1,	-1,	-1,	-1,	-1,	-1,	-1,	-1,	-1,	-1,	-1,	-1,	-1,	-1,	-1,	-1,	-1,	-1,	-1,	-1,	-1,	-1,	-1,	-1,	-1,	-1,	-1,	-1,	-1,	-1,	-1,	-1,	-1,	-1,	-1,	-1,	-1,	30,	30,	33,	33,	33,	33,	33,	33,	33,	31,	31,	33,	28,	28,	28,	28,	-1,	-1,	-1,	-1,	-1,	-1,	-1,	-1,	-1,	-1,	-1,	-1,	-1,	-1,	),
(	-1,	-1,	-1,	-1,	-1,	-1,	-1,	-1,	-1,	-1,	-1,	-1,	-1,	-1,	-1,	-1,	-1,	-1,	-1,	-1,	-1,	-1,	-1,	-1,	-1,	-1,	-1,	-1,	-1,	-1,	-1,	-1,	-1,	-1,	-1,	-1,	-1,	-1,	-1,	-1,	-1,	-1,	-1,	-1,	-1,	-1,	-1,	-1,	-1,	30,	30,	30,	33,	33,	33,	33,	33,	33,	33,	33,	33,	28,	28,	28,	28,	-1,	-1,	-1,	-1,	-1,	-1,	-1,	-1,	-1,	-1,	-1,	-1,	-1,	-1,	-1,	),
(	-1,	-1,	-1,	-1,	-1,	-1,	-1,	-1,	-1,	-1,	-1,	-1,	-1,	-1,	-1,	-1,	-1,	-1,	-1,	-1,	-1,	-1,	-1,	-1,	-1,	-1,	-1,	-1,	-1,	-1,	-1,	-1,	-1,	-1,	-1,	-1,	-1,	-1,	-1,	-1,	-1,	-1,	-1,	-1,	-1,	-1,	-1,	-1,	-1,	30,	30,	33,	33,	33,	33,	33,	33,	33,	33,	33,	28,	28,	28,	28,	28,	-1,	-1,	-1,	-1,	-1,	-1,	-1,	-1,	-1,	-1,	-1,	-1,	-1,	-1,	-1,	),
(	-1,	-1,	-1,	-1,	-1,	-1,	-1,	-1,	-1,	-1,	-1,	-1,	-1,	-1,	-1,	-1,	-1,	-1,	-1,	-1,	-1,	-1,	-1,	-1,	-1,	-1,	-1,	-1,	-1,	-1,	-1,	-1,	-1,	-1,	-1,	-1,	-1,	-1,	-1,	-1,	-1,	-1,	-1,	-1,	-1,	-1,	-1,	-1,	-1,	30,	30,	33,	33,	-1,	33,	33,	33,	33,	33,	28,	28,	28,	28,	28,	28,	-1,	-1,	-1,	-1,	-1,	-1,	-1,	-1,	-1,	-1,	-1,	-1,	-1,	-1,	-1,	),
(	-1,	-1,	-1,	-1,	-1,	-1,	-1,	-1,	-1,	-1,	-1,	-1,	-1,	-1,	-1,	-1,	-1,	-1,	-1,	-1,	-1,	-1,	-1,	-1,	-1,	-1,	-1,	-1,	-1,	-1,	-1,	-1,	-1,	-1,	-1,	-1,	-1,	-1,	-1,	-1,	-1,	-1,	-1,	-1,	-1,	-1,	-1,	-1,	-1,	30,	30,	33,	33,	33,	33,	-1,	33,	33,	33,	32,	32,	28,	28,	-1,	-1,	-1,	-1,	-1,	-1,	-1,	-1,	-1,	-1,	-1,	-1,	-1,	-1,	-1,	-1,	-1,	),
(	-1,	-1,	-1,	-1,	-1,	-1,	-1,	-1,	-1,	-1,	-1,	-1,	-1,	-1,	-1,	-1,	-1,	-1,	-1,	-1,	-1,	-1,	-1,	-1,	-1,	-1,	-1,	-1,	-1,	-1,	-1,	-1,	-1,	-1,	-1,	-1,	-1,	-1,	-1,	-1,	-1,	-1,	-1,	-1,	-1,	-1,	-1,	-1,	-1,	30,	33,	33,	33,	33,	33,	33,	33,	33,	33,	32,	32,	32,	28,	-1,	28,	-1,	-1,	-1,	-1,	-1,	-1,	-1,	-1,	-1,	-1,	-1,	-1,	-1,	-1,	-1,	),
(	-1,	-1,	-1,	-1,	-1,	-1,	-1,	-1,	-1,	-1,	-1,	-1,	-1,	-1,	-1,	-1,	-1,	-1,	-1,	-1,	-1,	-1,	-1,	-1,	-1,	-1,	-1,	-1,	-1,	-1,	-1,	-1,	-1,	-1,	-1,	-1,	-1,	-1,	-1,	-1,	-1,	-1,	-1,	-1,	-1,	-1,	-1,	-1,	-1,	30,	33,	33,	33,	33,	33,	33,	33,	33,	33,	32,	32,	32,	-1,	28,	-1,	-1,	-1,	-1,	-1,	-1,	-1,	-1,	-1,	-1,	-1,	-1,	-1,	-1,	-1,	-1,	),
(	-1,	-1,	-1,	-1,	-1,	-1,	-1,	-1,	-1,	-1,	-1,	-1,	-1,	-1,	-1,	-1,	-1,	-1,	-1,	-1,	-1,	-1,	-1,	-1,	-1,	-1,	-1,	-1,	-1,	-1,	-1,	-1,	-1,	-1,	-1,	-1,	-1,	-1,	-1,	-1,	-1,	-1,	-1,	-1,	-1,	-1,	-1,	-1,	30,	30,	33,	33,	33,	33,	34,	34,	33,	33,	32,	32,	32,	32,	32,	-1,	-1,	-1,	-1,	-1,	-1,	-1,	-1,	-1,	-1,	-1,	-1,	-1,	-1,	-1,	-1,	-1,	),
(	-1,	-1,	-1,	-1,	-1,	-1,	-1,	-1,	-1,	-1,	-1,	-1,	-1,	-1,	-1,	-1,	-1,	-1,	-1,	-1,	-1,	-1,	-1,	-1,	-1,	-1,	-1,	-1,	-1,	-1,	-1,	-1,	-1,	-1,	-1,	-1,	-1,	-1,	-1,	-1,	-1,	-1,	-1,	-1,	-1,	-1,	-1,	-1,	30,	30,	34,	34,	34,	34,	34,	34,	33,	33,	-1,	-1,	32,	-1,	-1,	-1,	-1,	-1,	-1,	-1,	-1,	-1,	-1,	-1,	-1,	-1,	-1,	-1,	-1,	-1,	-1,	-1,	),
(	-1,	-1,	-1,	-1,	-1,	-1,	-1,	-1,	-1,	-1,	-1,	-1,	-1,	-1,	-1,	-1,	-1,	-1,	-1,	-1,	-1,	-1,	-1,	-1,	-1,	-1,	-1,	-1,	-1,	-1,	-1,	-1,	-1,	-1,	-1,	-1,	-1,	-1,	-1,	-1,	-1,	-1,	-1,	-1,	-1,	-1,	-1,	-1,	30,	34,	34,	34,	34,	34,	34,	34,	34,	33,	33,	-1,	-1,	-1,	-1,	-1,	-1,	-1,	-1,	-1,	-1,	-1,	-1,	-1,	-1,	-1,	-1,	-1,	-1,	-1,	-1,	-1,	),
(	-1,	-1,	-1,	-1,	-1,	-1,	-1,	-1,	-1,	-1,	-1,	-1,	-1,	-1,	-1,	-1,	-1,	-1,	-1,	-1,	-1,	-1,	-1,	-1,	-1,	-1,	-1,	-1,	-1,	-1,	-1,	-1,	-1,	-1,	-1,	-1,	-1,	-1,	-1,	-1,	-1,	-1,	-1,	-1,	-1,	-1,	-1,	30,	30,	34,	34,	34,	34,	34,	34,	34,	34,	34,	34,	-1,	-1,	-1,	-1,	-1,	-1,	-1,	-1,	-1,	-1,	-1,	-1,	-1,	-1,	-1,	-1,	-1,	-1,	-1,	-1,	-1,	),
(	-1,	-1,	-1,	-1,	-1,	-1,	-1,	-1,	-1,	-1,	-1,	-1,	-1,	-1,	-1,	-1,	-1,	-1,	-1,	-1,	-1,	-1,	-1,	-1,	-1,	-1,	-1,	-1,	-1,	-1,	-1,	-1,	-1,	-1,	-1,	-1,	-1,	-1,	-1,	-1,	-1,	-1,	-1,	-1,	-1,	-1,	-1,	30,	30,	34,	34,	34,	34,	34,	34,	34,	34,	34,	34,	-1,	-1,	-1,	-1,	-1,	-1,	-1,	-1,	-1,	-1,	-1,	-1,	-1,	-1,	-1,	-1,	-1,	-1,	-1,	-1,	-1,	),
(	-1,	-1,	-1,	-1,	-1,	-1,	-1,	-1,	-1,	-1,	-1,	-1,	-1,	-1,	-1,	-1,	-1,	-1,	-1,	-1,	-1,	-1,	-1,	-1,	-1,	-1,	-1,	-1,	-1,	-1,	-1,	-1,	-1,	-1,	-1,	-1,	-1,	-1,	-1,	-1,	-1,	-1,	-1,	-1,	-1,	-1,	-1,	30,	30,	34,	34,	34,	34,	34,	34,	34,	34,	-1,	-1,	-1,	-1,	-1,	-1,	-1,	-1,	-1,	-1,	-1,	-1,	-1,	-1,	-1,	-1,	-1,	-1,	-1,	-1,	-1,	-1,	-1,	),
(	-1,	-1,	-1,	-1,	-1,	-1,	-1,	-1,	-1,	-1,	-1,	-1,	-1,	-1,	-1,	-1,	-1,	-1,	-1,	-1,	-1,	-1,	-1,	-1,	-1,	-1,	-1,	-1,	-1,	-1,	-1,	-1,	-1,	-1,	-1,	-1,	-1,	-1,	-1,	-1,	-1,	-1,	-1,	-1,	-1,	-1,	-1,	30,	30,	34,	34,	34,	34,	34,	34,	-1,	-1,	-1,	-1,	-1,	-1,	-1,	-1,	-1,	-1,	-1,	-1,	-1,	-1,	-1,	-1,	-1,	-1,	-1,	-1,	-1,	-1,	-1,	-1,	-1,	),
(	-1,	-1,	-1,	-1,	-1,	-1,	-1,	-1,	-1,	-1,	-1,	-1,	-1,	-1,	-1,	-1,	-1,	-1,	-1,	-1,	-1,	-1,	-1,	-1,	-1,	-1,	-1,	-1,	-1,	-1,	-1,	-1,	-1,	-1,	-1,	-1,	-1,	-1,	-1,	-1,	-1,	-1,	-1,	-1,	-1,	-1,	30,	-1,	30,	34,	34,	34,	34,	34,	34,	-1,	-1,	-1,	-1,	-1,	-1,	-1,	-1,	-1,	-1,	-1,	-1,	-1,	-1,	-1,	-1,	-1,	-1,	-1,	-1,	-1,	-1,	-1,	-1,	-1,	),
(	-1,	-1,	-1,	-1,	-1,	-1,	-1,	-1,	-1,	-1,	-1,	-1,	-1,	-1,	-1,	-1,	-1,	-1,	-1,	-1,	-1,	-1,	-1,	-1,	-1,	-1,	-1,	-1,	-1,	-1,	-1,	-1,	-1,	-1,	-1,	-1,	-1,	-1,	-1,	-1,	-1,	-1,	-1,	-1,	-1,	-1,	-1,	-1,	30,	34,	34,	34,	34,	34,	-1,	-1,	-1,	-1,	-1,	-1,	-1,	-1,	-1,	-1,	-1,	-1,	-1,	-1,	-1,	-1,	-1,	-1,	-1,	-1,	-1,	-1,	-1,	-1,	-1,	-1,	),
(	-1,	-1,	-1,	-1,	-1,	-1,	-1,	-1,	-1,	-1,	-1,	-1,	-1,	-1,	-1,	-1,	-1,	-1,	-1,	-1,	-1,	-1,	-1,	-1,	-1,	-1,	-1,	-1,	-1,	-1,	-1,	-1,	-1,	-1,	-1,	-1,	-1,	-1,	-1,	-1,	-1,	-1,	-1,	-1,	-1,	-1,	-1,	-1,	34,	34,	34,	34,	-1,	-1,	-1,	-1,	-1,	-1,	-1,	-1,	-1,	-1,	-1,	-1,	-1,	-1,	-1,	-1,	-1,	-1,	-1,	-1,	-1,	-1,	-1,	-1,	-1,	-1,	-1,	-1,	),
(	-1,	-1,	-1,	-1,	-1,	-1,	-1,	-1,	-1,	-1,	-1,	-1,	-1,	-1,	-1,	-1,	-1,	-1,	-1,	-1,	-1,	-1,	-1,	-1,	-1,	-1,	-1,	-1,	-1,	-1,	-1,	-1,	-1,	-1,	-1,	-1,	-1,	-1,	-1,	-1,	-1,	-1,	-1,	-1,	-1,	-1,	-1,	30,	34,	34,	34,	-1,	-1,	-1,	-1,	-1,	-1,	-1,	-1,	-1,	-1,	-1,	-1,	-1,	-1,	-1,	-1,	-1,	-1,	-1,	-1,	-1,	-1,	-1,	-1,	-1,	-1,	-1,	-1,	-1,	),
(	-1,	-1,	-1,	-1,	-1,	-1,	-1,	-1,	-1,	-1,	-1,	-1,	-1,	-1,	-1,	-1,	-1,	-1,	-1,	-1,	-1,	-1,	-1,	-1,	-1,	-1,	-1,	-1,	-1,	-1,	-1,	-1,	-1,	-1,	-1,	-1,	-1,	-1,	-1,	-1,	-1,	-1,	-1,	-1,	-1,	-1,	30,	30,	34,	34,	34,	34,	-1,	-1,	-1,	-1,	-1,	-1,	-1,	-1,	-1,	-1,	-1,	-1,	-1,	-1,	-1,	-1,	-1,	-1,	-1,	-1,	-1,	-1,	-1,	-1,	-1,	-1,	-1,	-1,	),
(	-1,	-1,	-1,	-1,	-1,	-1,	-1,	-1,	-1,	-1,	-1,	-1,	-1,	-1,	-1,	-1,	-1,	-1,	-1,	-1,	-1,	-1,	-1,	-1,	-1,	-1,	-1,	-1,	-1,	-1,	-1,	-1,	-1,	-1,	-1,	-1,	-1,	-1,	-1,	-1,	-1,	-1,	-1,	-1,	-1,	-1,	-1,	34,	34,	34,	-1,	-1,	-1,	-1,	-1,	-1,	-1,	-1,	-1,	-1,	-1,	-1,	-1,	-1,	-1,	-1,	-1,	-1,	-1,	-1,	-1,	-1,	-1,	-1,	-1,	-1,	-1,	-1,	-1,	-1,	),
(	-1,	-1,	-1,	-1,	-1,	-1,	-1,	-1,	-1,	-1,	-1,	-1,	-1,	-1,	-1,	-1,	-1,	-1,	-1,	-1,	-1,	-1,	-1,	-1,	-1,	-1,	-1,	-1,	-1,	-1,	-1,	-1,	-1,	-1,	-1,	-1,	-1,	-1,	-1,	-1,	-1,	-1,	-1,	-1,	-1,	-1,	-1,	30,	34,	-1,	-1,	-1,	-1,	-1,	-1,	34,	-1,	-1,	-1,	-1,	-1,	-1,	-1,	-1,	-1,	-1,	-1,	-1,	-1,	-1,	-1,	-1,	-1,	-1,	-1,	-1,	-1,	-1,	-1,	-1,	),
(	-1,	-1,	-1,	-1,	-1,	-1,	-1,	-1,	-1,	-1,	-1,	-1,	-1,	-1,	-1,	-1,	-1,	-1,	-1,	-1,	-1,	-1,	-1,	-1,	-1,	-1,	-1,	-1,	-1,	-1,	-1,	-1,	-1,	-1,	-1,	-1,	-1,	-1,	-1,	-1,	-1,	-1,	-1,	-1,	-1,	-1,	-1,	30,	-1,	-1,	34,	-1,	-1,	-1,	-1,	-1,	-1,	34,	-1,	-1,	-1,	-1,	-1,	-1,	-1,	-1,	-1,	-1,	-1,	-1,	-1,	-1,	-1,	-1,	-1,	-1,	-1,	-1,	-1,	-1,	),
(	36,	36,	36,	-1,	-1,	-1,	-1,	-1,	-1,	-1,	-1,	-1,	-1,	-1,	-1,	-1,	-1,	-1,	-1,	-1,	-1,	-1,	-1,	-1,	-1,	-1,	-1,	-1,	-1,	-1,	-1,	-1,	-1,	-1,	-1,	-1,	-1,	-1,	-1,	-1,	-1,	-1,	-1,	-1,	-1,	-1,	-1,	-1,	-1,	34,	34,	-1,	-1,	-1,	-1,	-1,	-1,	-1,	-1,	-1,	-1,	-1,	-1,	-1,	-1,	-1,	-1,	-1,	-1,	-1,	-1,	-1,	-1,	-1,	-1,	-1,	-1,	-1,	-1,	-1,	),
(	36,	36,	36,	-1,	-1,	-1,	-1,	-1,	-1,	-1,	-1,	-1,	-1,	-1,	-1,	-1,	-1,	-1,	-1,	-1,	-1,	-1,	-1,	-1,	-1,	-1,	-1,	-1,	-1,	-1,	-1,	-1,	-1,	-1,	-1,	-1,	-1,	-1,	-1,	-1,	-1,	-1,	-1,	-1,	-1,	-1,	-1,	-1,	34,	34,	34,	34,	-1,	-1,	-1,	-1,	-1,	-1,	-1,	-1,	-1,	-1,	-1,	-1,	-1,	-1,	-1,	-1,	-1,	-1,	-1,	-1,	-1,	-1,	-1,	-1,	-1,	-1,	-1,	-1,	),
(	36,	36,	36,	-1,	-1,	-1,	-1,	-1,	-1,	-1,	-1,	-1,	-1,	-1,	-1,	-1,	-1,	-1,	-1,	-1,	-1,	-1,	-1,	-1,	-1,	-1,	-1,	-1,	-1,	-1,	-1,	-1,	-1,	-1,	-1,	-1,	-1,	-1,	-1,	-1,	-1,	-1,	-1,	-1,	-1,	-1,	-1,	-1,	-1,	-1,	-1,	-1,	-1,	-1,	-1,	-1,	-1,	-1,	-1,	-1,	-1,	-1,	-1,	-1,	-1,	-1,	-1,	-1,	-1,	-1,	-1,	-1,	-1,	-1,	-1,	-1,	-1,	-1,	-1,	-1,	),
)