tRegionMap = ( 
(	-1,	-1,	-1,	-1,	-1,	-1,	-1,	-1,	0,	-1,	-1,	-1,	-1,	-1,	-1,	-1,	-1,	-1,	-1,	-1,	-1,	-1,	-1,	-1,	-1,	-1,	-1,	-1,	-1,	-1,	-1,	-1,	-1,	-1,	-1,	-1,	-1,	-1,	-1,	-1,	-1,	-1,	-1,	-1,	-1,	-1,	-1,	-1,	-1,	-1,	-1,	-1,	-1,	-1,	-1,	-1,	-1,	-1,	-1,	),
(	-1,	-1,	-1,	-1,	-1,	-1,	-1,	-1,	0,	-1,	-1,	0,	0,	-1,	-1,	0,	0,	0,	-1,	-1,	-1,	-1,	-1,	-1,	-1,	-1,	-1,	-1,	-1,	-1,	-1,	-1,	-1,	-1,	-1,	-1,	-1,	-1,	-1,	-1,	-1,	3,	3,	3,	3,	-1,	-1,	-1,	-1,	-1,	-1,	-1,	-1,	-1,	-1,	4,	-1,	-1,	-1,	),
(	-1,	-1,	-1,	-1,	-1,	0,	-1,	-1,	-1,	-1,	0,	0,	-1,	-1,	0,	0,	0,	-1,	0,	-1,	-1,	-1,	-1,	-1,	-1,	-1,	-1,	-1,	-1,	-1,	-1,	-1,	-1,	-1,	-1,	-1,	2,	2,	2,	-1,	3,	-1,	3,	3,	-1,	-1,	3,	3,	-1,	-1,	-1,	-1,	-1,	-1,	-1,	4,	4,	4,	-1,	),
(	-1,	-1,	0,	-1,	-1,	-1,	-1,	0,	0,	-1,	-1,	0,	0,	0,	0,	0,	0,	0,	0,	-1,	-1,	-1,	-1,	-1,	-1,	-1,	-1,	-1,	-1,	-1,	-1,	-1,	-1,	-1,	-1,	2,	2,	2,	-1,	3,	3,	3,	3,	3,	3,	3,	3,	-1,	3,	-1,	-1,	-1,	-1,	-1,	4,	4,	4,	4,	-1,	),
(	-1,	-1,	-1,	-1,	-1,	-1,	0,	0,	0,	0,	0,	0,	0,	-1,	0,	0,	0,	0,	0,	0,	-1,	-1,	-1,	-1,	-1,	-1,	-1,	-1,	-1,	-1,	-1,	-1,	-1,	-1,	2,	-1,	-1,	2,	-1,	-1,	3,	3,	-1,	-1,	-1,	3,	3,	3,	3,	3,	-1,	-1,	-1,	-1,	4,	4,	4,	4,	-1,	),
(	-1,	-1,	-1,	-1,	-1,	-1,	-1,	0,	0,	0,	0,	0,	0,	0,	0,	0,	0,	0,	0,	0,	-1,	-1,	-1,	-1,	-1,	-1,	-1,	-1,	2,	2,	-1,	2,	2,	-1,	2,	2,	2,	2,	-1,	3,	3,	3,	3,	-1,	-1,	-1,	3,	3,	-1,	-1,	3,	-1,	-1,	4,	4,	4,	4,	4,	-1,	),
(	0,	-1,	-1,	-1,	-1,	0,	0,	0,	0,	0,	0,	0,	0,	0,	0,	0,	0,	0,	0,	0,	-1,	-1,	-1,	-1,	-1,	-1,	-1,	-1,	-1,	-1,	-1,	-1,	-1,	2,	-1,	-1,	2,	-1,	3,	-1,	3,	3,	3,	3,	-1,	-1,	-1,	3,	3,	-1,	3,	-1,	4,	-1,	4,	4,	4,	-1,	-1,	),
(	-1,	-1,	0,	-1,	-1,	-1,	0,	-1,	0,	0,	0,	0,	0,	0,	0,	0,	0,	0,	0,	0,	1,	-1,	-1,	-1,	-1,	-1,	-1,	2,	-1,	-1,	2,	-1,	2,	2,	-1,	2,	-1,	-1,	-1,	3,	-1,	3,	3,	3,	3,	-1,	-1,	3,	3,	3,	3,	-1,	-1,	-1,	-1,	4,	-1,	-1,	-1,	),
(	-1,	-1,	-1,	0,	0,	0,	0,	0,	0,	0,	0,	0,	0,	0,	0,	0,	0,	0,	1,	1,	1,	1,	1,	-1,	-1,	-1,	2,	2,	-1,	-1,	-1,	-1,	2,	-1,	2,	2,	2,	-1,	-1,	-1,	-1,	-1,	3,	-1,	3,	-1,	3,	3,	3,	3,	-1,	-1,	-1,	-1,	-1,	-1,	-1,	-1,	-1,	),
(	-1,	-1,	-1,	-1,	-1,	-1,	-1,	-1,	-1,	-1,	0,	0,	0,	0,	0,	0,	0,	1,	1,	1,	1,	1,	1,	1,	-1,	-1,	-1,	-1,	2,	2,	2,	-1,	-1,	-1,	-1,	-1,	-1,	-1,	-1,	-1,	-1,	-1,	-1,	3,	3,	3,	3,	-1,	-1,	3,	3,	-1,	-1,	-1,	-1,	-1,	-1,	-1,	-1,	),
(	-1,	-1,	-1,	-1,	-1,	-1,	0,	0,	-1,	0,	0,	0,	0,	0,	0,	1,	1,	1,	1,	1,	1,	1,	1,	1,	1,	1,	-1,	2,	2,	2,	2,	-1,	2,	2,	-1,	-1,	2,	2,	2,	-1,	-1,	-1,	-1,	-1,	-1,	3,	3,	-1,	-1,	3,	-1,	3,	-1,	-1,	-1,	-1,	-1,	-1,	-1,	),
(	-1,	-1,	-1,	-1,	-1,	-1,	-1,	-1,	-1,	-1,	-1,	0,	-1,	1,	1,	1,	1,	1,	1,	1,	1,	1,	1,	-1,	-1,	1,	-1,	2,	2,	2,	2,	-1,	-1,	2,	-1,	2,	2,	2,	-1,	2,	2,	-1,	-1,	-1,	3,	-1,	3,	3,	3,	3,	3,	-1,	-1,	-1,	-1,	-1,	-1,	-1,	-1,	),
(	-1,	-1,	-1,	-1,	-1,	-1,	-1,	-1,	-1,	-1,	-1,	-1,	0,	1,	1,	1,	1,	1,	1,	1,	1,	1,	-1,	-1,	1,	1,	1,	-1,	-1,	-1,	2,	-1,	-1,	2,	-1,	2,	2,	2,	2,	2,	-1,	2,	-1,	-1,	-1,	-1,	3,	3,	3,	3,	3,	-1,	-1,	-1,	-1,	-1,	-1,	-1,	-1,	),
(	-1,	-1,	-1,	-1,	-1,	-1,	-1,	-1,	-1,	-1,	-1,	-1,	0,	1,	1,	1,	1,	1,	1,	1,	1,	1,	1,	1,	1,	1,	1,	1,	-1,	2,	-1,	-1,	2,	2,	-1,	-1,	-1,	-1,	-1,	2,	2,	2,	2,	-1,	-1,	-1,	3,	-1,	3,	3,	3,	3,	-1,	-1,	-1,	-1,	-1,	-1,	-1,	),
(	-1,	-1,	-1,	-1,	-1,	-1,	-1,	-1,	-1,	-1,	-1,	0,	-1,	5,	5,	1,	1,	1,	1,	1,	1,	1,	-1,	1,	1,	1,	1,	1,	2,	2,	2,	2,	2,	2,	2,	-1,	2,	-1,	2,	-1,	2,	2,	2,	2,	-1,	-1,	-1,	3,	3,	3,	3,	3,	-1,	-1,	-1,	-1,	-1,	-1,	-1,	),
(	-1,	-1,	-1,	-1,	-1,	-1,	-1,	-1,	-1,	-1,	-1,	0,	5,	5,	5,	5,	5,	1,	1,	1,	1,	-1,	-1,	-1,	-1,	1,	1,	1,	2,	2,	2,	2,	2,	2,	2,	2,	2,	-1,	-1,	-1,	2,	2,	-1,	2,	-1,	-1,	-1,	-1,	-1,	3,	-1,	3,	-1,	-1,	-1,	-1,	-1,	-1,	-1,	),
(	-1,	-1,	-1,	-1,	-1,	-1,	-1,	-1,	-1,	-1,	5,	-1,	5,	5,	5,	5,	5,	5,	5,	1,	1,	1,	1,	1,	1,	1,	1,	1,	2,	2,	2,	2,	2,	2,	-1,	-1,	-1,	-1,	2,	2,	2,	2,	2,	-1,	-1,	-1,	-1,	-1,	-1,	-1,	-1,	-1,	-1,	-1,	-1,	-1,	-1,	-1,	-1,	),
(	-1,	-1,	-1,	-1,	-1,	-1,	-1,	-1,	-1,	-1,	-1,	5,	5,	5,	5,	5,	5,	5,	5,	1,	1,	1,	1,	-1,	-1,	1,	1,	2,	2,	2,	2,	2,	-1,	2,	2,	-1,	2,	-1,	-1,	-1,	2,	2,	-1,	2,	-1,	-1,	-1,	-1,	-1,	-1,	-1,	-1,	-1,	-1,	-1,	-1,	-1,	-1,	-1,	),
(	-1,	-1,	-1,	-1,	-1,	-1,	-1,	-1,	-1,	-1,	-1,	5,	5,	5,	5,	5,	5,	5,	5,	1,	1,	1,	1,	1,	1,	-1,	2,	2,	2,	2,	2,	2,	2,	2,	-1,	-1,	-1,	-1,	-1,	-1,	-1,	-1,	-1,	-1,	-1,	-1,	-1,	-1,	-1,	-1,	-1,	-1,	-1,	-1,	-1,	-1,	-1,	-1,	-1,	),
(	-1,	-1,	-1,	-1,	-1,	-1,	-1,	-1,	-1,	-1,	5,	-1,	5,	5,	5,	5,	5,	5,	5,	6,	6,	6,	6,	6,	6,	6,	2,	2,	-1,	2,	2,	2,	2,	-1,	-1,	-1,	-1,	2,	-1,	8,	8,	8,	-1,	-1,	8,	-1,	-1,	-1,	-1,	-1,	-1,	-1,	-1,	-1,	-1,	-1,	-1,	-1,	-1,	),
(	-1,	-1,	-1,	-1,	-1,	-1,	-1,	-1,	-1,	-1,	-1,	-1,	5,	5,	5,	5,	5,	5,	6,	6,	6,	6,	6,	6,	6,	6,	6,	6,	6,	6,	6,	6,	-1,	-1,	-1,	-1,	-1,	-1,	-1,	8,	8,	8,	8,	-1,	8,	8,	-1,	-1,	-1,	-1,	-1,	-1,	-1,	-1,	-1,	-1,	-1,	-1,	-1,	),
(	-1,	-1,	-1,	-1,	-1,	-1,	-1,	-1,	-1,	-1,	10,	-1,	10,	10,	5,	5,	5,	5,	6,	6,	6,	6,	6,	6,	6,	6,	6,	6,	6,	6,	6,	6,	-1,	-1,	-1,	-1,	-1,	-1,	-1,	8,	8,	8,	8,	8,	8,	8,	9,	-1,	-1,	-1,	-1,	-1,	-1,	-1,	-1,	-1,	-1,	-1,	-1,	),
(	-1,	-1,	-1,	-1,	-1,	-1,	-1,	-1,	-1,	-1,	10,	10,	10,	10,	10,	10,	10,	5,	6,	6,	6,	6,	6,	6,	6,	6,	6,	-1,	6,	-1,	6,	6,	7,	-1,	-1,	-1,	-1,	-1,	-1,	-1,	8,	8,	8,	8,	8,	8,	-1,	9,	9,	-1,	-1,	-1,	-1,	-1,	-1,	-1,	-1,	-1,	-1,	),
(	-1,	-1,	-1,	-1,	-1,	-1,	-1,	-1,	-1,	10,	-1,	10,	10,	10,	10,	10,	12,	12,	6,	6,	6,	6,	6,	6,	6,	6,	-1,	6,	6,	-1,	6,	7,	7,	7,	7,	-1,	-1,	-1,	-1,	-1,	8,	8,	8,	8,	8,	8,	8,	9,	9,	9,	-1,	-1,	-1,	-1,	-1,	-1,	-1,	-1,	-1,	),
(	-1,	-1,	-1,	-1,	-1,	-1,	-1,	-1,	-1,	10,	10,	-1,	-1,	10,	10,	10,	12,	12,	12,	12,	12,	6,	6,	6,	6,	6,	6,	6,	-1,	6,	6,	7,	7,	7,	7,	7,	-1,	-1,	-1,	8,	8,	8,	8,	8,	-1,	8,	8,	9,	-1,	-1,	9,	-1,	-1,	-1,	-1,	-1,	-1,	-1,	-1,	),
(	-1,	-1,	-1,	-1,	-1,	-1,	-1,	-1,	10,	10,	10,	10,	10,	10,	10,	12,	12,	12,	12,	12,	12,	12,	12,	15,	6,	6,	6,	6,	6,	6,	7,	7,	7,	7,	7,	7,	7,	-1,	-1,	8,	8,	8,	8,	-1,	8,	8,	8,	8,	8,	9,	9,	9,	-1,	-1,	-1,	-1,	-1,	-1,	-1,	),
(	-1,	-1,	-1,	-1,	-1,	-1,	-1,	11,	11,	11,	10,	10,	10,	10,	10,	12,	12,	12,	12,	12,	12,	12,	12,	15,	15,	15,	15,	6,	6,	6,	7,	7,	7,	-1,	7,	7,	7,	-1,	-1,	8,	8,	8,	8,	8,	8,	8,	8,	8,	8,	8,	9,	-1,	-1,	9,	-1,	-1,	-1,	-1,	-1,	),
(	-1,	-1,	-1,	-1,	-1,	-1,	11,	11,	11,	11,	11,	12,	10,	10,	12,	12,	12,	12,	12,	12,	12,	12,	12,	15,	15,	15,	15,	16,	16,	16,	-1,	7,	7,	7,	7,	7,	7,	7,	-1,	8,	8,	8,	8,	8,	8,	8,	8,	8,	8,	-1,	-1,	-1,	9,	9,	-1,	-1,	-1,	-1,	-1,	),
(	-1,	-1,	-1,	-1,	-1,	-1,	11,	11,	11,	11,	12,	12,	12,	12,	12,	12,	12,	12,	12,	12,	12,	12,	15,	15,	15,	15,	15,	16,	-1,	16,	16,	16,	7,	-1,	7,	7,	7,	7,	7,	7,	8,	8,	8,	8,	-1,	8,	8,	-1,	-1,	-1,	9,	-1,	9,	9,	9,	-1,	-1,	-1,	-1,	),
(	-1,	-1,	-1,	-1,	-1,	-1,	-1,	-1,	11,	11,	12,	-1,	12,	12,	12,	12,	12,	12,	12,	12,	12,	12,	15,	15,	15,	15,	15,	16,	16,	16,	-1,	-1,	-1,	-1,	-1,	7,	7,	7,	7,	7,	8,	8,	8,	8,	8,	8,	8,	8,	8,	-1,	-1,	-1,	-1,	9,	-1,	9,	-1,	-1,	-1,	),
(	-1,	-1,	-1,	-1,	-1,	-1,	11,	-1,	11,	11,	12,	12,	12,	12,	-1,	-1,	12,	12,	12,	12,	12,	12,	15,	-1,	15,	15,	15,	16,	16,	16,	16,	-1,	16,	-1,	-1,	7,	7,	7,	7,	8,	8,	8,	8,	8,	8,	8,	8,	8,	8,	8,	-1,	9,	-1,	-1,	-1,	-1,	-1,	-1,	-1,	),
(	-1,	-1,	-1,	-1,	-1,	-1,	11,	11,	11,	11,	12,	12,	12,	12,	-1,	12,	12,	12,	12,	12,	12,	15,	15,	-1,	15,	15,	15,	16,	-1,	16,	16,	16,	16,	16,	16,	-1,	7,	7,	7,	7,	8,	8,	8,	8,	8,	8,	8,	9,	9,	9,	-1,	-1,	-1,	9,	-1,	-1,	-1,	-1,	-1,	),
(	-1,	-1,	-1,	-1,	-1,	-1,	11,	11,	11,	11,	12,	12,	12,	12,	12,	12,	12,	12,	12,	12,	15,	15,	15,	15,	-1,	15,	15,	15,	15,	-1,	16,	16,	16,	-1,	-1,	-1,	-1,	7,	7,	7,	7,	8,	8,	8,	8,	17,	17,	9,	9,	-1,	9,	9,	9,	-1,	-1,	-1,	-1,	-1,	-1,	),
(	-1,	-1,	-1,	-1,	-1,	11,	11,	11,	11,	11,	12,	13,	13,	13,	12,	12,	12,	12,	12,	12,	15,	15,	15,	15,	15,	-1,	15,	15,	15,	-1,	16,	16,	-1,	-1,	16,	-1,	-1,	7,	7,	7,	7,	8,	8,	8,	17,	17,	17,	9,	-1,	-1,	9,	-1,	-1,	-1,	-1,	-1,	-1,	-1,	-1,	),
(	-1,	-1,	-1,	-1,	-1,	11,	11,	11,	11,	11,	11,	13,	13,	13,	13,	12,	12,	12,	12,	12,	15,	15,	15,	15,	15,	-1,	15,	15,	15,	-1,	16,	16,	-1,	16,	16,	-1,	7,	7,	7,	-1,	18,	18,	-1,	17,	17,	17,	17,	-1,	-1,	9,	-1,	-1,	-1,	-1,	-1,	-1,	-1,	-1,	-1,	),
(	-1,	-1,	-1,	-1,	-1,	-1,	11,	11,	-1,	11,	11,	13,	13,	13,	13,	13,	13,	12,	12,	15,	15,	15,	15,	15,	15,	-1,	15,	15,	15,	-1,	16,	16,	-1,	16,	16,	7,	7,	7,	-1,	-1,	18,	18,	18,	17,	17,	-1,	-1,	-1,	-1,	-1,	-1,	-1,	-1,	-1,	-1,	-1,	-1,	-1,	-1,	),
(	-1,	-1,	-1,	-1,	-1,	-1,	11,	11,	11,	11,	13,	13,	13,	13,	13,	13,	13,	13,	13,	15,	15,	15,	15,	15,	15,	-1,	20,	20,	-1,	16,	16,	16,	16,	16,	16,	-1,	-1,	-1,	18,	18,	18,	18,	18,	17,	17,	-1,	-1,	-1,	-1,	-1,	-1,	-1,	-1,	-1,	-1,	-1,	-1,	-1,	-1,	),
(	-1,	-1,	-1,	-1,	-1,	-1,	24,	24,	24,	13,	13,	13,	13,	13,	13,	13,	13,	13,	13,	15,	15,	15,	15,	15,	15,	20,	-1,	-1,	16,	16,	16,	16,	16,	16,	16,	16,	16,	18,	18,	-1,	18,	18,	18,	17,	17,	17,	-1,	-1,	-1,	-1,	-1,	-1,	-1,	-1,	-1,	-1,	-1,	-1,	-1,	),
(	-1,	-1,	-1,	-1,	-1,	-1,	24,	24,	24,	25,	13,	13,	13,	13,	13,	13,	13,	13,	13,	14,	15,	15,	15,	15,	15,	20,	20,	20,	-1,	16,	16,	16,	16,	16,	16,	16,	18,	18,	18,	18,	18,	18,	18,	-1,	-1,	-1,	-1,	-1,	-1,	-1,	-1,	-1,	-1,	-1,	-1,	-1,	-1,	-1,	-1,	),
(	-1,	-1,	-1,	-1,	-1,	-1,	24,	-1,	25,	25,	25,	13,	13,	13,	13,	13,	13,	13,	13,	14,	14,	14,	15,	15,	15,	20,	20,	20,	-1,	16,	16,	16,	-1,	16,	16,	-1,	18,	18,	18,	18,	18,	18,	-1,	18,	18,	-1,	-1,	-1,	-1,	-1,	-1,	-1,	-1,	-1,	-1,	-1,	-1,	-1,	-1,	),
(	-1,	-1,	-1,	-1,	-1,	-1,	24,	-1,	25,	25,	25,	25,	13,	13,	14,	13,	13,	13,	13,	14,	14,	14,	14,	14,	15,	22,	22,	20,	20,	-1,	-1,	-1,	20,	-1,	-1,	20,	20,	18,	18,	18,	18,	18,	-1,	-1,	-1,	-1,	-1,	-1,	-1,	-1,	-1,	-1,	-1,	-1,	-1,	-1,	-1,	-1,	-1,	),
(	-1,	-1,	-1,	-1,	-1,	-1,	24,	-1,	25,	25,	25,	25,	25,	25,	14,	14,	14,	13,	14,	14,	14,	14,	14,	22,	22,	22,	22,	22,	-1,	20,	20,	20,	20,	20,	20,	20,	19,	19,	19,	19,	-1,	-1,	-1,	-1,	-1,	-1,	-1,	-1,	-1,	-1,	-1,	-1,	-1,	-1,	-1,	-1,	-1,	-1,	-1,	),
(	-1,	-1,	-1,	-1,	-1,	24,	24,	-1,	25,	25,	25,	25,	25,	25,	14,	14,	14,	14,	14,	14,	14,	14,	14,	22,	22,	22,	22,	-1,	20,	20,	20,	20,	20,	20,	20,	20,	19,	21,	19,	-1,	19,	-1,	-1,	-1,	-1,	-1,	-1,	-1,	-1,	-1,	-1,	-1,	-1,	-1,	-1,	-1,	-1,	-1,	-1,	),
(	-1,	-1,	-1,	-1,	-1,	24,	24,	-1,	25,	25,	25,	25,	25,	25,	14,	14,	14,	14,	14,	14,	14,	14,	14,	22,	22,	22,	-1,	22,	22,	22,	22,	22,	22,	22,	21,	21,	21,	21,	21,	-1,	19,	-1,	-1,	-1,	-1,	-1,	-1,	-1,	-1,	-1,	-1,	-1,	-1,	-1,	-1,	-1,	-1,	-1,	-1,	),
(	-1,	-1,	-1,	-1,	-1,	-1,	24,	-1,	25,	25,	25,	25,	25,	25,	14,	14,	14,	14,	14,	14,	14,	14,	14,	22,	22,	-1,	22,	22,	22,	22,	22,	22,	22,	21,	21,	21,	21,	21,	21,	-1,	-1,	-1,	-1,	-1,	-1,	-1,	-1,	-1,	-1,	-1,	-1,	-1,	-1,	-1,	-1,	-1,	-1,	-1,	-1,	),
(	-1,	-1,	-1,	-1,	-1,	-1,	24,	-1,	-1,	25,	25,	25,	25,	25,	25,	25,	14,	14,	14,	14,	14,	14,	14,	22,	22,	-1,	22,	22,	22,	22,	22,	22,	21,	21,	21,	21,	21,	21,	21,	21,	-1,	-1,	-1,	-1,	-1,	-1,	-1,	-1,	-1,	-1,	-1,	-1,	-1,	-1,	-1,	-1,	-1,	-1,	-1,	),
(	-1,	-1,	-1,	-1,	-1,	-1,	24,	-1,	25,	25,	25,	25,	25,	25,	25,	25,	14,	14,	14,	14,	14,	14,	14,	22,	-1,	22,	22,	22,	22,	22,	22,	21,	21,	21,	21,	21,	21,	21,	21,	21,	-1,	-1,	-1,	-1,	-1,	-1,	-1,	-1,	-1,	-1,	-1,	-1,	-1,	-1,	-1,	-1,	-1,	-1,	-1,	),
(	-1,	-1,	-1,	-1,	-1,	-1,	24,	-1,	-1,	25,	25,	25,	25,	25,	25,	25,	14,	14,	14,	14,	14,	-1,	14,	22,	22,	-1,	22,	22,	22,	22,	22,	21,	21,	21,	21,	-1,	21,	21,	21,	-1,	-1,	-1,	-1,	-1,	-1,	-1,	-1,	-1,	-1,	-1,	-1,	-1,	-1,	-1,	-1,	-1,	-1,	-1,	-1,	),
(	-1,	-1,	-1,	-1,	-1,	-1,	24,	-1,	-1,	25,	25,	25,	25,	25,	25,	25,	14,	14,	14,	-1,	-1,	-1,	-1,	22,	22,	-1,	22,	22,	22,	22,	22,	21,	21,	21,	21,	21,	21,	-1,	-1,	-1,	-1,	-1,	-1,	-1,	-1,	-1,	-1,	-1,	-1,	-1,	-1,	-1,	-1,	-1,	-1,	-1,	-1,	-1,	-1,	),
(	-1,	-1,	-1,	-1,	-1,	-1,	-1,	-1,	-1,	25,	25,	25,	-1,	25,	25,	25,	14,	14,	-1,	-1,	-1,	-1,	-1,	-1,	22,	22,	-1,	-1,	23,	23,	23,	21,	21,	21,	21,	-1,	-1,	-1,	-1,	-1,	-1,	-1,	-1,	-1,	-1,	-1,	-1,	-1,	-1,	-1,	-1,	-1,	-1,	-1,	-1,	-1,	-1,	-1,	-1,	),
(	-1,	-1,	-1,	-1,	-1,	-1,	-1,	-1,	-1,	25,	25,	25,	25,	25,	25,	25,	25,	14,	-1,	-1,	-1,	-1,	-1,	-1,	-1,	-1,	-1,	-1,	-1,	-1,	23,	23,	21,	21,	-1,	-1,	-1,	-1,	-1,	-1,	-1,	-1,	-1,	-1,	-1,	-1,	-1,	-1,	-1,	-1,	-1,	-1,	-1,	-1,	-1,	-1,	-1,	-1,	-1,	),
(	-1,	-1,	-1,	-1,	-1,	-1,	-1,	-1,	-1,	-1,	25,	25,	25,	25,	25,	25,	25,	25,	-1,	-1,	-1,	-1,	-1,	-1,	-1,	-1,	-1,	-1,	-1,	-1,	-1,	23,	23,	-1,	-1,	-1,	-1,	-1,	-1,	-1,	-1,	-1,	-1,	-1,	-1,	-1,	-1,	-1,	-1,	-1,	-1,	-1,	-1,	-1,	-1,	-1,	-1,	-1,	-1,	),
(	-1,	-1,	-1,	-1,	-1,	-1,	-1,	-1,	-1,	26,	26,	25,	26,	26,	26,	26,	26,	-1,	-1,	-1,	-1,	-1,	-1,	-1,	-1,	-1,	-1,	-1,	-1,	-1,	-1,	23,	23,	-1,	-1,	-1,	-1,	-1,	-1,	-1,	-1,	-1,	-1,	-1,	-1,	-1,	-1,	-1,	-1,	-1,	-1,	-1,	-1,	-1,	-1,	-1,	-1,	-1,	-1,	),
(	-1,	-1,	-1,	-1,	-1,	-1,	-1,	-1,	26,	26,	26,	26,	26,	26,	26,	26,	26,	-1,	-1,	-1,	-1,	-1,	-1,	-1,	-1,	-1,	-1,	-1,	-1,	-1,	-1,	23,	23,	23,	-1,	-1,	-1,	-1,	-1,	-1,	-1,	-1,	-1,	-1,	-1,	-1,	-1,	-1,	-1,	-1,	-1,	-1,	-1,	-1,	-1,	-1,	-1,	-1,	-1,	),
(	-1,	-1,	-1,	-1,	-1,	-1,	-1,	-1,	26,	26,	-1,	26,	26,	26,	26,	26,	26,	-1,	-1,	-1,	-1,	-1,	-1,	-1,	-1,	-1,	-1,	-1,	-1,	-1,	-1,	23,	-1,	23,	-1,	-1,	-1,	-1,	-1,	-1,	-1,	-1,	-1,	-1,	-1,	-1,	-1,	-1,	-1,	-1,	-1,	-1,	-1,	-1,	-1,	-1,	-1,	-1,	-1,	),
(	-1,	-1,	-1,	-1,	-1,	-1,	-1,	-1,	-1,	26,	26,	26,	26,	26,	26,	26,	27,	-1,	-1,	-1,	-1,	-1,	-1,	-1,	-1,	-1,	-1,	-1,	-1,	-1,	-1,	23,	23,	-1,	-1,	-1,	-1,	-1,	-1,	-1,	-1,	-1,	-1,	-1,	-1,	-1,	-1,	-1,	-1,	-1,	-1,	-1,	-1,	-1,	-1,	-1,	-1,	-1,	-1,	),
(	-1,	-1,	-1,	-1,	-1,	-1,	-1,	-1,	-1,	-1,	26,	26,	26,	-1,	-1,	26,	27,	-1,	-1,	-1,	-1,	-1,	-1,	-1,	-1,	-1,	-1,	-1,	-1,	-1,	-1,	-1,	23,	-1,	-1,	31,	-1,	-1,	-1,	-1,	-1,	-1,	-1,	-1,	-1,	-1,	-1,	-1,	-1,	-1,	-1,	-1,	-1,	-1,	-1,	-1,	-1,	-1,	-1,	),
(	-1,	-1,	-1,	-1,	-1,	-1,	-1,	-1,	-1,	-1,	28,	28,	26,	26,	-1,	26,	27,	-1,	-1,	-1,	-1,	-1,	-1,	-1,	-1,	-1,	-1,	-1,	-1,	-1,	-1,	-1,	-1,	-1,	-1,	-1,	-1,	-1,	-1,	-1,	-1,	-1,	-1,	-1,	-1,	-1,	-1,	-1,	-1,	-1,	-1,	-1,	-1,	-1,	-1,	-1,	-1,	-1,	-1,	),
(	-1,	-1,	-1,	-1,	-1,	-1,	-1,	-1,	-1,	-1,	-1,	28,	28,	28,	26,	27,	27,	27,	-1,	-1,	-1,	-1,	-1,	29,	29,	29,	-1,	-1,	31,	31,	31,	-1,	-1,	-1,	31,	-1,	-1,	-1,	-1,	-1,	-1,	-1,	-1,	-1,	-1,	-1,	-1,	-1,	-1,	-1,	-1,	-1,	-1,	-1,	-1,	-1,	-1,	-1,	-1,	),
(	-1,	-1,	-1,	-1,	-1,	-1,	-1,	-1,	-1,	-1,	-1,	-1,	28,	28,	28,	28,	27,	27,	27,	-1,	-1,	-1,	29,	29,	29,	29,	-1,	31,	-1,	-1,	31,	31,	31,	-1,	-1,	-1,	-1,	-1,	-1,	-1,	-1,	-1,	-1,	-1,	-1,	-1,	-1,	-1,	-1,	-1,	-1,	-1,	-1,	-1,	-1,	-1,	-1,	-1,	-1,	),
(	-1,	-1,	-1,	-1,	-1,	-1,	-1,	-1,	-1,	-1,	-1,	-1,	-1,	28,	28,	28,	28,	27,	27,	27,	29,	29,	29,	29,	29,	29,	-1,	-1,	-1,	-1,	-1,	-1,	31,	31,	-1,	-1,	-1,	-1,	-1,	-1,	-1,	-1,	-1,	-1,	-1,	-1,	-1,	-1,	-1,	-1,	-1,	-1,	-1,	-1,	-1,	-1,	-1,	-1,	-1,	),
(	-1,	-1,	-1,	-1,	-1,	-1,	-1,	-1,	-1,	-1,	-1,	-1,	-1,	-1,	28,	28,	28,	28,	27,	27,	29,	29,	29,	29,	29,	-1,	-1,	-1,	-1,	31,	-1,	-1,	-1,	31,	31,	-1,	-1,	-1,	-1,	-1,	-1,	-1,	-1,	-1,	-1,	-1,	-1,	-1,	-1,	-1,	-1,	-1,	-1,	-1,	-1,	-1,	-1,	-1,	-1,	),
(	-1,	-1,	-1,	-1,	-1,	-1,	-1,	-1,	-1,	-1,	-1,	-1,	-1,	-1,	-1,	-1,	-1,	28,	28,	27,	27,	30,	30,	29,	-1,	-1,	-1,	-1,	-1,	-1,	-1,	-1,	-1,	-1,	31,	31,	-1,	-1,	31,	-1,	-1,	-1,	-1,	-1,	-1,	-1,	-1,	-1,	-1,	-1,	-1,	-1,	-1,	-1,	-1,	-1,	-1,	-1,	-1,	),
(	-1,	-1,	-1,	-1,	-1,	-1,	-1,	-1,	-1,	-1,	-1,	-1,	-1,	-1,	-1,	-1,	-1,	-1,	28,	30,	-1,	30,	30,	30,	-1,	-1,	-1,	-1,	-1,	-1,	-1,	-1,	-1,	31,	31,	31,	31,	-1,	-1,	-1,	-1,	-1,	-1,	-1,	-1,	-1,	-1,	-1,	-1,	-1,	-1,	-1,	-1,	-1,	-1,	-1,	-1,	-1,	-1,	),
(	-1,	-1,	-1,	-1,	-1,	-1,	-1,	-1,	-1,	-1,	-1,	-1,	-1,	-1,	-1,	-1,	-1,	-1,	30,	30,	30,	30,	30,	-1,	-1,	-1,	-1,	-1,	-1,	-1,	-1,	-1,	-1,	-1,	-1,	-1,	-1,	-1,	31,	-1,	-1,	-1,	-1,	-1,	-1,	-1,	-1,	-1,	-1,	-1,	-1,	-1,	-1,	-1,	-1,	-1,	-1,	-1,	-1,	),
(	-1,	32,	-1,	-1,	-1,	-1,	-1,	-1,	-1,	-1,	-1,	-1,	-1,	-1,	-1,	-1,	-1,	-1,	-1,	-1,	30,	30,	30,	30,	30,	30,	-1,	-1,	-1,	-1,	-1,	-1,	31,	31,	-1,	-1,	31,	-1,	31,	31,	31,	-1,	-1,	-1,	-1,	-1,	-1,	-1,	-1,	-1,	-1,	-1,	-1,	-1,	-1,	-1,	-1,	-1,	-1,	),
(	-1,	32,	32,	-1,	32,	32,	-1,	-1,	32,	32,	-1,	-1,	-1,	-1,	-1,	-1,	-1,	-1,	-1,	-1,	-1,	30,	30,	30,	30,	30,	30,	-1,	-1,	-1,	-1,	-1,	-1,	-1,	-1,	-1,	-1,	31,	31,	31,	31,	31,	-1,	-1,	-1,	-1,	-1,	-1,	-1,	-1,	-1,	-1,	-1,	-1,	-1,	-1,	-1,	-1,	-1,	),
(	-1,	-1,	-1,	-1,	32,	32,	32,	-1,	-1,	-1,	-1,	-1,	-1,	-1,	-1,	-1,	-1,	-1,	-1,	-1,	-1,	-1,	30,	30,	30,	30,	-1,	-1,	-1,	-1,	-1,	-1,	-1,	-1,	-1,	-1,	-1,	-1,	31,	-1,	31,	31,	-1,	31,	-1,	-1,	-1,	-1,	-1,	-1,	-1,	-1,	-1,	-1,	-1,	-1,	-1,	-1,	-1,	),
(	-1,	-1,	-1,	-1,	-1,	-1,	-1,	-1,	32,	-1,	32,	32,	32,	-1,	-1,	-1,	-1,	-1,	-1,	-1,	-1,	-1,	30,	30,	30,	-1,	-1,	-1,	-1,	-1,	-1,	-1,	-1,	-1,	-1,	-1,	-1,	-1,	-1,	-1,	-1,	-1,	-1,	-1,	31,	-1,	-1,	-1,	-1,	-1,	-1,	-1,	-1,	-1,	-1,	-1,	-1,	-1,	-1,	),
(	-1,	-1,	-1,	-1,	-1,	-1,	-1,	-1,	-1,	-1,	-1,	32,	32,	-1,	-1,	-1,	-1,	-1,	-1,	-1,	-1,	-1,	30,	-1,	30,	-1,	-1,	-1,	-1,	-1,	-1,	-1,	-1,	-1,	-1,	-1,	-1,	-1,	-1,	-1,	-1,	-1,	-1,	-1,	-1,	-1,	31,	-1,	-1,	-1,	-1,	-1,	-1,	-1,	-1,	-1,	-1,	-1,	-1,	),
(	-1,	-1,	-1,	-1,	-1,	-1,	-1,	-1,	-1,	32,	-1,	-1,	-1,	-1,	-1,	-1,	-1,	-1,	-1,	-1,	-1,	-1,	-1,	30,	30,	-1,	-1,	-1,	-1,	-1,	-1,	-1,	-1,	-1,	-1,	-1,	-1,	-1,	-1,	-1,	-1,	-1,	-1,	-1,	-1,	-1,	-1,	-1,	-1,	-1,	-1,	-1,	-1,	-1,	-1,	-1,	-1,	-1,	-1,	),
(	-1,	-1,	-1,	-1,	-1,	-1,	-1,	-1,	-1,	-1,	-1,	-1,	32,	32,	-1,	-1,	-1,	-1,	-1,	-1,	-1,	-1,	-1,	30,	30,	-1,	-1,	-1,	-1,	-1,	-1,	-1,	-1,	-1,	-1,	-1,	-1,	31,	-1,	-1,	-1,	-1,	-1,	-1,	-1,	-1,	-1,	31,	-1,	-1,	-1,	-1,	-1,	-1,	-1,	-1,	-1,	-1,	-1,	),
(	-1,	-1,	-1,	-1,	-1,	-1,	-1,	-1,	-1,	-1,	-1,	-1,	-1,	32,	32,	-1,	-1,	-1,	-1,	-1,	-1,	-1,	-1,	-1,	30,	30,	30,	30,	-1,	-1,	-1,	-1,	33,	33,	33,	33,	-1,	-1,	-1,	-1,	-1,	-1,	-1,	-1,	-1,	-1,	-1,	-1,	-1,	-1,	-1,	-1,	-1,	-1,	-1,	-1,	-1,	-1,	-1,	),
(	-1,	-1,	-1,	-1,	-1,	-1,	-1,	-1,	-1,	-1,	-1,	-1,	32,	32,	32,	32,	-1,	-1,	-1,	-1,	-1,	-1,	-1,	-1,	-1,	30,	30,	-1,	30,	-1,	-1,	33,	33,	33,	34,	34,	-1,	34,	-1,	-1,	-1,	-1,	-1,	-1,	-1,	31,	-1,	-1,	-1,	-1,	-1,	-1,	-1,	-1,	-1,	-1,	-1,	-1,	-1,	),
(	-1,	-1,	-1,	-1,	-1,	-1,	-1,	-1,	-1,	-1,	-1,	-1,	32,	32,	32,	-1,	-1,	-1,	-1,	-1,	-1,	-1,	-1,	-1,	-1,	-1,	-1,	-1,	33,	33,	33,	33,	33,	33,	34,	-1,	34,	34,	34,	34,	-1,	-1,	-1,	-1,	-1,	-1,	-1,	31,	-1,	-1,	-1,	-1,	-1,	-1,	-1,	-1,	-1,	-1,	-1,	),
(	-1,	-1,	-1,	-1,	-1,	-1,	-1,	-1,	-1,	-1,	-1,	-1,	-1,	32,	-1,	-1,	-1,	-1,	-1,	-1,	-1,	-1,	-1,	-1,	-1,	-1,	-1,	-1,	-1,	33,	33,	33,	33,	33,	34,	34,	34,	34,	34,	34,	34,	34,	34,	-1,	-1,	31,	-1,	-1,	-1,	-1,	-1,	-1,	-1,	-1,	-1,	-1,	-1,	-1,	-1,	),
(	-1,	-1,	-1,	-1,	-1,	-1,	-1,	-1,	-1,	-1,	-1,	-1,	-1,	-1,	-1,	-1,	-1,	-1,	-1,	-1,	-1,	-1,	-1,	-1,	-1,	-1,	-1,	-1,	33,	33,	33,	33,	33,	33,	33,	34,	34,	34,	34,	34,	34,	34,	34,	34,	-1,	-1,	-1,	-1,	-1,	-1,	-1,	-1,	-1,	-1,	-1,	-1,	-1,	-1,	-1,	),
(	-1,	-1,	-1,	-1,	-1,	-1,	-1,	-1,	-1,	-1,	-1,	-1,	-1,	-1,	-1,	-1,	-1,	-1,	-1,	-1,	-1,	-1,	-1,	-1,	-1,	-1,	-1,	-1,	33,	33,	33,	33,	33,	33,	33,	33,	34,	34,	34,	34,	34,	34,	34,	34,	34,	-1,	-1,	-1,	-1,	-1,	-1,	-1,	-1,	-1,	-1,	-1,	-1,	-1,	-1,	),
(	-1,	-1,	-1,	-1,	-1,	-1,	-1,	-1,	-1,	-1,	-1,	-1,	-1,	-1,	-1,	-1,	-1,	-1,	-1,	-1,	-1,	-1,	-1,	-1,	-1,	-1,	-1,	33,	33,	33,	33,	33,	33,	33,	33,	33,	33,	34,	34,	34,	34,	34,	-1,	34,	34,	34,	-1,	-1,	-1,	-1,	-1,	-1,	-1,	-1,	-1,	-1,	-1,	-1,	-1,	),
(	-1,	-1,	-1,	-1,	-1,	-1,	-1,	-1,	-1,	-1,	-1,	-1,	-1,	-1,	-1,	-1,	-1,	-1,	-1,	-1,	-1,	-1,	-1,	-1,	-1,	33,	33,	33,	33,	33,	33,	33,	33,	33,	33,	33,	33,	34,	34,	34,	34,	34,	34,	34,	35,	35,	-1,	-1,	-1,	-1,	-1,	-1,	-1,	-1,	-1,	-1,	-1,	-1,	-1,	),
(	-1,	-1,	-1,	-1,	-1,	-1,	-1,	-1,	-1,	-1,	-1,	-1,	-1,	-1,	-1,	-1,	-1,	-1,	-1,	-1,	-1,	-1,	-1,	33,	33,	33,	33,	33,	33,	33,	33,	33,	33,	33,	33,	33,	34,	34,	34,	34,	34,	34,	34,	34,	35,	35,	35,	-1,	-1,	-1,	-1,	-1,	-1,	-1,	-1,	-1,	-1,	-1,	-1,	),
(	-1,	-1,	-1,	-1,	-1,	-1,	-1,	-1,	-1,	-1,	-1,	-1,	33,	-1,	-1,	-1,	-1,	-1,	-1,	-1,	-1,	-1,	33,	33,	33,	33,	33,	33,	33,	33,	33,	33,	33,	38,	33,	34,	34,	34,	34,	34,	39,	34,	34,	39,	35,	35,	35,	35,	35,	-1,	-1,	-1,	-1,	-1,	-1,	-1,	-1,	-1,	-1,	),
(	-1,	-1,	-1,	-1,	-1,	-1,	-1,	-1,	-1,	-1,	-1,	-1,	-1,	33,	-1,	-1,	-1,	-1,	-1,	-1,	-1,	-1,	-1,	33,	33,	33,	36,	36,	36,	33,	33,	33,	33,	38,	38,	38,	34,	34,	34,	39,	39,	39,	39,	35,	35,	35,	35,	-1,	35,	35,	-1,	-1,	-1,	-1,	-1,	-1,	-1,	-1,	-1,	),
(	-1,	-1,	-1,	-1,	-1,	-1,	-1,	-1,	-1,	-1,	-1,	-1,	-1,	-1,	-1,	-1,	-1,	-1,	-1,	-1,	-1,	36,	33,	33,	33,	36,	36,	36,	36,	33,	33,	33,	38,	38,	38,	38,	38,	38,	38,	39,	39,	39,	39,	35,	35,	35,	35,	35,	35,	35,	35,	-1,	-1,	-1,	-1,	-1,	-1,	-1,	-1,	),
(	-1,	-1,	-1,	-1,	-1,	-1,	-1,	-1,	-1,	-1,	-1,	-1,	-1,	-1,	-1,	-1,	-1,	-1,	-1,	-1,	36,	36,	36,	36,	36,	36,	36,	36,	36,	36,	33,	33,	33,	38,	38,	38,	38,	38,	38,	38,	39,	39,	39,	39,	39,	35,	35,	35,	35,	35,	39,	-1,	-1,	-1,	-1,	-1,	-1,	-1,	-1,	),
(	-1,	-1,	-1,	-1,	-1,	-1,	-1,	-1,	-1,	-1,	-1,	-1,	-1,	-1,	-1,	-1,	-1,	-1,	-1,	-1,	36,	36,	36,	36,	36,	36,	36,	36,	-1,	36,	36,	33,	38,	38,	38,	38,	38,	-1,	38,	38,	38,	39,	39,	39,	39,	39,	39,	39,	39,	39,	39,	-1,	-1,	-1,	-1,	-1,	-1,	-1,	-1,	),
(	-1,	-1,	-1,	-1,	-1,	-1,	-1,	-1,	-1,	-1,	-1,	-1,	-1,	-1,	-1,	-1,	-1,	-1,	-1,	-1,	36,	36,	36,	36,	36,	36,	36,	36,	38,	-1,	33,	38,	-1,	-1,	-1,	38,	38,	-1,	38,	38,	38,	39,	39,	39,	39,	39,	39,	39,	-1,	-1,	-1,	-1,	-1,	-1,	-1,	-1,	-1,	-1,	-1,	),
(	-1,	-1,	-1,	-1,	-1,	-1,	-1,	-1,	-1,	-1,	-1,	-1,	-1,	-1,	-1,	-1,	-1,	-1,	-1,	-1,	36,	36,	36,	36,	36,	36,	36,	38,	38,	38,	-1,	-1,	38,	38,	38,	-1,	-1,	38,	-1,	38,	-1,	-1,	39,	-1,	39,	39,	-1,	-1,	-1,	39,	-1,	-1,	-1,	-1,	-1,	-1,	-1,	-1,	-1,	),
(	-1,	-1,	-1,	-1,	-1,	-1,	-1,	-1,	-1,	-1,	-1,	-1,	-1,	-1,	-1,	-1,	-1,	-1,	-1,	-1,	36,	36,	36,	36,	36,	36,	36,	38,	38,	38,	38,	38,	38,	38,	38,	38,	38,	38,	38,	-1,	38,	38,	-1,	39,	-1,	-1,	39,	39,	-1,	-1,	39,	39,	39,	-1,	-1,	-1,	-1,	-1,	-1,	),
(	-1,	-1,	-1,	-1,	-1,	-1,	-1,	-1,	-1,	-1,	-1,	-1,	-1,	-1,	-1,	-1,	-1,	-1,	-1,	-1,	36,	36,	36,	36,	36,	36,	36,	38,	38,	38,	38,	38,	38,	38,	38,	38,	38,	38,	38,	38,	38,	-1,	39,	39,	39,	39,	39,	-1,	39,	39,	-1,	39,	39,	-1,	-1,	-1,	-1,	-1,	-1,	),
(	-1,	-1,	-1,	-1,	-1,	-1,	-1,	-1,	-1,	-1,	-1,	-1,	-1,	-1,	-1,	-1,	-1,	-1,	-1,	-1,	36,	36,	36,	36,	36,	36,	36,	36,	38,	38,	38,	38,	38,	38,	38,	38,	38,	38,	38,	38,	38,	-1,	39,	39,	39,	39,	39,	-1,	39,	-1,	39,	39,	-1,	40,	40,	-1,	-1,	-1,	-1,	),
(	-1,	-1,	-1,	-1,	-1,	-1,	-1,	-1,	-1,	-1,	-1,	-1,	-1,	-1,	-1,	-1,	-1,	-1,	-1,	-1,	36,	36,	36,	36,	36,	36,	36,	36,	36,	38,	38,	38,	38,	38,	38,	38,	38,	38,	38,	38,	39,	39,	39,	39,	39,	39,	-1,	39,	39,	-1,	39,	40,	40,	40,	40,	40,	-1,	-1,	-1,	),
(	-1,	-1,	-1,	-1,	-1,	-1,	-1,	-1,	-1,	-1,	-1,	-1,	-1,	-1,	-1,	-1,	-1,	-1,	-1,	-1,	-1,	36,	36,	36,	36,	36,	36,	36,	37,	37,	37,	38,	38,	38,	38,	38,	38,	38,	38,	38,	39,	39,	39,	39,	-1,	-1,	39,	39,	39,	40,	40,	40,	40,	40,	40,	40,	40,	-1,	-1,	),
(	-1,	-1,	-1,	-1,	-1,	-1,	-1,	-1,	-1,	-1,	-1,	-1,	-1,	-1,	-1,	-1,	-1,	-1,	-1,	-1,	-1,	-1,	36,	36,	36,	36,	36,	37,	37,	37,	37,	37,	38,	38,	38,	38,	42,	42,	38,	38,	39,	39,	39,	39,	39,	39,	39,	39,	40,	40,	40,	40,	40,	40,	40,	40,	40,	-1,	-1,	),
(	-1,	-1,	-1,	-1,	-1,	-1,	-1,	-1,	-1,	-1,	-1,	-1,	-1,	-1,	-1,	-1,	-1,	-1,	-1,	-1,	-1,	-1,	-1,	36,	36,	-1,	-1,	37,	37,	37,	37,	37,	38,	38,	38,	42,	42,	42,	42,	42,	42,	39,	39,	39,	39,	39,	39,	40,	40,	40,	40,	40,	-1,	40,	40,	40,	40,	40,	-1,	),
(	-1,	-1,	-1,	-1,	-1,	-1,	-1,	-1,	-1,	-1,	-1,	-1,	-1,	-1,	-1,	-1,	-1,	-1,	-1,	-1,	-1,	-1,	-1,	-1,	36,	37,	-1,	37,	37,	37,	37,	37,	42,	42,	42,	42,	42,	42,	42,	42,	42,	42,	42,	39,	39,	41,	41,	40,	40,	40,	40,	40,	40,	40,	40,	40,	40,	40,	-1,	),
(	-1,	-1,	-1,	-1,	-1,	-1,	-1,	-1,	-1,	-1,	-1,	-1,	-1,	-1,	-1,	-1,	-1,	-1,	-1,	-1,	-1,	-1,	-1,	44,	37,	37,	37,	37,	37,	37,	37,	37,	42,	42,	42,	42,	42,	42,	42,	42,	42,	42,	42,	42,	41,	41,	41,	41,	41,	40,	40,	40,	40,	40,	40,	40,	40,	40,	-1,	),
(	-1,	-1,	-1,	-1,	-1,	-1,	-1,	-1,	-1,	-1,	-1,	-1,	-1,	-1,	-1,	-1,	-1,	-1,	-1,	-1,	-1,	-1,	-1,	44,	37,	37,	37,	37,	37,	37,	37,	37,	37,	42,	42,	42,	42,	42,	42,	42,	42,	42,	42,	41,	41,	41,	41,	41,	41,	41,	41,	40,	40,	40,	40,	40,	40,	-1,	-1,	),
(	-1,	-1,	-1,	-1,	-1,	-1,	-1,	-1,	-1,	-1,	-1,	-1,	-1,	-1,	-1,	-1,	-1,	-1,	-1,	-1,	-1,	-1,	44,	44,	37,	-1,	37,	37,	37,	37,	37,	37,	37,	42,	42,	42,	42,	42,	42,	42,	42,	42,	42,	42,	41,	41,	41,	41,	41,	41,	-1,	41,	41,	41,	40,	40,	-1,	-1,	-1,	),
(	-1,	-1,	-1,	-1,	-1,	-1,	-1,	-1,	-1,	-1,	-1,	-1,	-1,	-1,	-1,	-1,	-1,	-1,	-1,	-1,	-1,	44,	44,	44,	37,	-1,	37,	37,	37,	37,	37,	37,	37,	42,	42,	42,	42,	42,	42,	42,	42,	42,	42,	42,	41,	41,	41,	41,	41,	41,	41,	41,	41,	41,	-1,	-1,	-1,	-1,	-1,	),
(	-1,	-1,	-1,	-1,	-1,	-1,	-1,	-1,	-1,	-1,	-1,	-1,	-1,	-1,	-1,	-1,	-1,	-1,	-1,	-1,	44,	44,	44,	48,	48,	37,	37,	37,	37,	45,	45,	37,	42,	42,	42,	42,	42,	42,	42,	42,	42,	42,	42,	41,	41,	41,	41,	41,	41,	41,	41,	41,	-1,	-1,	-1,	-1,	-1,	-1,	-1,	),
(	-1,	-1,	-1,	-1,	-1,	-1,	-1,	-1,	-1,	-1,	-1,	-1,	-1,	-1,	-1,	-1,	-1,	-1,	-1,	44,	44,	44,	48,	48,	48,	48,	48,	37,	45,	45,	45,	42,	42,	42,	42,	42,	42,	42,	42,	42,	42,	42,	42,	41,	41,	41,	41,	41,	41,	41,	41,	41,	-1,	-1,	-1,	-1,	-1,	-1,	-1,	),
(	-1,	-1,	-1,	-1,	-1,	-1,	-1,	-1,	-1,	-1,	-1,	-1,	-1,	-1,	-1,	-1,	-1,	-1,	44,	44,	48,	48,	-1,	48,	48,	48,	48,	48,	45,	45,	45,	45,	42,	42,	42,	42,	-1,	41,	41,	41,	42,	42,	41,	41,	41,	41,	41,	41,	41,	41,	41,	-1,	-1,	-1,	-1,	-1,	-1,	-1,	-1,	),
(	-1,	-1,	-1,	-1,	-1,	-1,	-1,	-1,	-1,	-1,	-1,	-1,	-1,	-1,	-1,	-1,	-1,	44,	44,	48,	48,	48,	48,	48,	48,	48,	48,	47,	47,	45,	45,	45,	45,	43,	43,	43,	43,	41,	41,	41,	41,	41,	41,	41,	41,	41,	41,	41,	41,	41,	-1,	-1,	-1,	-1,	-1,	-1,	-1,	-1,	-1,	),
(	-1,	-1,	-1,	-1,	-1,	-1,	-1,	-1,	-1,	-1,	-1,	-1,	-1,	-1,	-1,	-1,	44,	44,	48,	48,	48,	48,	48,	48,	48,	48,	47,	47,	47,	47,	45,	45,	45,	43,	43,	43,	43,	41,	41,	41,	41,	41,	41,	41,	41,	41,	41,	41,	41,	-1,	-1,	-1,	-1,	-1,	-1,	-1,	-1,	-1,	-1,	),
(	-1,	-1,	-1,	-1,	-1,	-1,	-1,	-1,	-1,	-1,	-1,	-1,	-1,	-1,	-1,	44,	44,	48,	48,	48,	48,	48,	48,	48,	48,	47,	47,	47,	47,	45,	45,	45,	45,	43,	43,	43,	43,	43,	41,	41,	41,	41,	41,	41,	41,	41,	41,	-1,	-1,	-1,	-1,	-1,	-1,	-1,	-1,	-1,	-1,	-1,	-1,	),
(	-1,	-1,	-1,	-1,	-1,	-1,	-1,	-1,	-1,	-1,	-1,	-1,	-1,	-1,	44,	44,	44,	48,	48,	48,	48,	-1,	49,	49,	49,	47,	47,	47,	47,	47,	45,	45,	47,	43,	43,	43,	43,	43,	-1,	-1,	-1,	-1,	-1,	41,	41,	41,	-1,	-1,	-1,	-1,	-1,	-1,	-1,	-1,	-1,	-1,	-1,	-1,	-1,	),
(	-1,	-1,	-1,	-1,	-1,	-1,	-1,	-1,	-1,	-1,	-1,	-1,	44,	44,	44,	44,	48,	48,	48,	48,	49,	49,	49,	49,	49,	47,	47,	47,	47,	47,	47,	47,	43,	43,	43,	43,	43,	-1,	-1,	-1,	-1,	-1,	-1,	-1,	-1,	-1,	-1,	-1,	-1,	-1,	-1,	-1,	-1,	-1,	-1,	-1,	-1,	-1,	-1,	),
(	-1,	-1,	-1,	-1,	-1,	-1,	-1,	-1,	-1,	-1,	-1,	44,	44,	44,	44,	48,	48,	48,	48,	49,	49,	49,	49,	49,	49,	47,	47,	47,	47,	47,	43,	43,	43,	43,	43,	43,	-1,	-1,	-1,	-1,	-1,	-1,	-1,	-1,	-1,	-1,	-1,	-1,	-1,	-1,	-1,	-1,	-1,	-1,	-1,	-1,	-1,	-1,	-1,	),
(	-1,	-1,	-1,	-1,	-1,	-1,	-1,	-1,	-1,	44,	44,	-1,	44,	50,	50,	48,	48,	48,	49,	49,	49,	49,	49,	49,	49,	47,	47,	46,	46,	43,	43,	43,	43,	43,	43,	-1,	-1,	-1,	-1,	-1,	-1,	-1,	-1,	-1,	-1,	-1,	-1,	-1,	-1,	-1,	-1,	-1,	-1,	-1,	-1,	-1,	-1,	-1,	-1,	),
(	-1,	-1,	-1,	-1,	-1,	-1,	-1,	-1,	44,	-1,	44,	44,	50,	50,	50,	48,	48,	48,	49,	49,	49,	49,	49,	49,	49,	47,	46,	46,	46,	46,	43,	-1,	-1,	43,	-1,	-1,	-1,	-1,	-1,	-1,	-1,	-1,	-1,	-1,	-1,	-1,	-1,	-1,	-1,	-1,	-1,	-1,	-1,	-1,	-1,	-1,	-1,	-1,	-1,	),
(	-1,	-1,	-1,	-1,	-1,	-1,	-1,	-1,	-1,	44,	44,	50,	50,	50,	50,	50,	49,	49,	49,	49,	49,	49,	49,	49,	-1,	46,	46,	46,	46,	-1,	-1,	43,	43,	-1,	-1,	-1,	-1,	-1,	-1,	-1,	-1,	-1,	-1,	-1,	-1,	-1,	-1,	-1,	-1,	-1,	-1,	-1,	-1,	-1,	-1,	-1,	-1,	-1,	-1,	),
(	-1,	-1,	-1,	-1,	-1,	-1,	44,	-1,	44,	44,	50,	50,	-1,	50,	49,	49,	49,	49,	49,	49,	49,	49,	49,	49,	-1,	-1,	46,	46,	46,	46,	43,	-1,	-1,	-1,	-1,	-1,	-1,	-1,	-1,	-1,	-1,	-1,	-1,	-1,	-1,	-1,	-1,	-1,	-1,	-1,	-1,	-1,	-1,	-1,	-1,	-1,	-1,	-1,	-1,	),
(	-1,	-1,	-1,	-1,	-1,	44,	-1,	44,	44,	50,	50,	50,	50,	50,	49,	49,	49,	49,	-1,	49,	49,	49,	49,	49,	-1,	-1,	-1,	46,	46,	-1,	-1,	-1,	-1,	-1,	-1,	-1,	-1,	-1,	-1,	-1,	-1,	-1,	-1,	-1,	-1,	-1,	-1,	-1,	-1,	-1,	-1,	-1,	-1,	-1,	-1,	-1,	-1,	-1,	-1,	),
(	-1,	-1,	-1,	-1,	44,	44,	44,	50,	50,	-1,	50,	50,	50,	49,	-1,	-1,	49,	-1,	-1,	-1,	-1,	49,	49,	-1,	-1,	-1,	-1,	-1,	-1,	-1,	-1,	-1,	-1,	-1,	-1,	-1,	-1,	-1,	-1,	-1,	-1,	-1,	-1,	-1,	-1,	-1,	-1,	-1,	-1,	-1,	-1,	-1,	-1,	-1,	-1,	-1,	-1,	-1,	-1,	),
(	-1,	-1,	-1,	44,	44,	44,	50,	-1,	50,	50,	50,	50,	50,	-1,	49,	-1,	-1,	-1,	-1,	-1,	-1,	-1,	-1,	-1,	-1,	-1,	-1,	-1,	-1,	-1,	-1,	-1,	-1,	-1,	-1,	-1,	-1,	-1,	-1,	-1,	-1,	-1,	-1,	-1,	-1,	-1,	-1,	-1,	-1,	-1,	-1,	-1,	-1,	-1,	-1,	-1,	-1,	-1,	-1,	),
(	-1,	-1,	44,	44,	-1,	50,	50,	50,	50,	-1,	-1,	-1,	-1,	-1,	-1,	-1,	-1,	-1,	-1,	-1,	-1,	-1,	-1,	-1,	-1,	-1,	-1,	-1,	-1,	-1,	-1,	-1,	-1,	-1,	-1,	-1,	-1,	-1,	-1,	-1,	-1,	-1,	-1,	-1,	-1,	-1,	-1,	-1,	-1,	-1,	-1,	-1,	-1,	-1,	-1,	-1,	-1,	-1,	-1,	),
(	-1,	44,	44,	50,	50,	50,	50,	50,	50,	50,	-1,	-1,	-1,	-1,	-1,	-1,	-1,	-1,	-1,	-1,	-1,	-1,	-1,	-1,	-1,	-1,	-1,	-1,	-1,	-1,	-1,	-1,	-1,	-1,	-1,	-1,	-1,	-1,	-1,	-1,	-1,	-1,	-1,	-1,	-1,	-1,	-1,	-1,	-1,	-1,	-1,	-1,	-1,	-1,	-1,	-1,	-1,	-1,	-1,	),
(	-1,	44,	-1,	-1,	50,	50,	-1,	-1,	-1,	-1,	-1,	-1,	-1,	-1,	-1,	-1,	-1,	-1,	-1,	-1,	-1,	-1,	-1,	-1,	-1,	-1,	-1,	-1,	-1,	-1,	-1,	-1,	-1,	-1,	-1,	-1,	-1,	-1,	-1,	-1,	-1,	-1,	-1,	-1,	-1,	-1,	-1,	-1,	-1,	-1,	-1,	-1,	-1,	-1,	-1,	51,	51,	51,	51,	),
(	-1,	-1,	44,	50,	-1,	-1,	-1,	-1,	-1,	-1,	-1,	-1,	-1,	-1,	-1,	-1,	-1,	-1,	-1,	-1,	-1,	-1,	-1,	-1,	-1,	-1,	-1,	-1,	-1,	-1,	-1,	-1,	-1,	-1,	-1,	-1,	-1,	-1,	-1,	-1,	-1,	-1,	-1,	-1,	-1,	-1,	-1,	-1,	-1,	-1,	-1,	-1,	-1,	-1,	-1,	51,	51,	51,	51,	),
(	-1,	-1,	44,	50,	50,	-1,	-1,	-1,	-1,	-1,	50,	-1,	50,	-1,	-1,	-1,	-1,	-1,	-1,	-1,	-1,	-1,	-1,	-1,	-1,	-1,	-1,	-1,	-1,	-1,	-1,	-1,	-1,	-1,	-1,	-1,	-1,	-1,	-1,	-1,	-1,	-1,	-1,	-1,	-1,	-1,	-1,	-1,	-1,	-1,	-1,	-1,	-1,	-1,	-1,	51,	51,	51,	51,	),
(	-1,	-1,	-1,	-1,	-1,	-1,	-1,	-1,	-1,	-1,	-1,	-1,	-1,	-1,	-1,	-1,	-1,	-1,	-1,	-1,	-1,	-1,	-1,	-1,	-1,	-1,	-1,	-1,	-1,	-1,	-1,	-1,	-1,	-1,	-1,	-1,	-1,	-1,	-1,	-1,	-1,	-1,	-1,	-1,	-1,	-1,	-1,	-1,	-1,	-1,	-1,	-1,	-1,	-1,	-1,	51,	51,	51,	51,	),
)