((	0,	0,	0,	0,	0,	0,	0,	0,	2,	0,	0,	0,	0,	0,	0,	0,	0,	0,	0,	0,	0,	0,	0,	0,	0,	0,	0,	0,	0,	0,	0,	0,	0,	0,	0,	0,	0,	0,	0,	0,	0,	0,	0,	0,	0,	0,	0,	0,	0,	0,	0,	0,	0,	0,	0,	0,	0,	0,	0,	),
(	0,	0,	0,	0,	0,	0,	0,	0,	2,	0,	0,	2,	2,	0,	0,	2,	2,	2,	0,	0,	0,	0,	0,	0,	0,	0,	0,	0,	0,	0,	0,	0,	0,	0,	0,	0,	0,	0,	0,	0,	0,	0,	0,	0,	0,	0,	0,	0,	0,	0,	0,	0,	0,	0,	0,	0,	0,	0,	0,	),
(	0,	0,	0,	0,	0,	2,	0,	0,	0,	0,	2,	2,	0,	0,	2,	2,	2,	0,	2,	0,	0,	0,	0,	0,	0,	0,	0,	0,	0,	0,	0,	0,	0,	0,	0,	0,	0,	0,	0,	0,	0,	0,	0,	0,	0,	0,	0,	0,	0,	0,	0,	0,	0,	0,	0,	0,	0,	0,	0,	),
(	0,	0,	2,	0,	0,	0,	0,	2,	2,	0,	0,	2,	2,	2,	2,	0,	2,	2,	2,	0,	0,	0,	0,	0,	0,	0,	0,	0,	0,	0,	0,	0,	0,	0,	0,	0,	0,	0,	0,	0,	0,	0,	0,	0,	0,	0,	0,	0,	0,	0,	0,	0,	0,	0,	0,	0,	0,	0,	0,	),
(	0,	0,	0,	0,	0,	0,	2,	2,	0,	2,	2,	2,	2,	0,	2,	0,	0,	2,	2,	2,	0,	0,	0,	0,	0,	0,	0,	0,	0,	0,	0,	0,	0,	0,	0,	0,	0,	0,	0,	0,	0,	0,	0,	0,	0,	0,	0,	0,	0,	0,	0,	0,	0,	0,	0,	0,	0,	0,	0,	),
(	0,	0,	0,	0,	0,	0,	0,	2,	2,	0,	0,	2,	2,	2,	2,	2,	0,	0,	2,	2,	0,	0,	0,	0,	0,	0,	0,	0,	0,	0,	0,	0,	0,	0,	0,	0,	0,	0,	0,	0,	0,	0,	0,	0,	0,	0,	0,	0,	0,	0,	0,	0,	0,	0,	0,	0,	0,	0,	0,	),
(	2,	0,	0,	0,	0,	2,	2,	0,	2,	2,	0,	2,	2,	2,	2,	0,	2,	0,	0,	2,	0,	0,	0,	0,	0,	0,	0,	0,	0,	0,	0,	0,	0,	0,	0,	0,	0,	0,	0,	0,	0,	0,	0,	0,	0,	0,	0,	0,	0,	0,	0,	0,	0,	0,	0,	0,	0,	0,	0,	),
(	0,	0,	2,	0,	0,	0,	2,	0,	0,	0,	0,	0,	0,	2,	2,	2,	2,	2,	0,	2,	0,	0,	0,	0,	0,	0,	0,	0,	0,	0,	0,	0,	0,	0,	0,	0,	0,	0,	0,	0,	0,	0,	0,	0,	0,	0,	0,	0,	0,	0,	0,	0,	0,	0,	0,	0,	0,	0,	0,	),
(	0,	0,	0,	2,	2,	2,	2,	2,	2,	2,	0,	2,	2,	0,	2,	2,	2,	2,	0,	0,	0,	0,	0,	0,	0,	0,	0,	0,	0,	0,	0,	0,	0,	0,	0,	0,	0,	0,	0,	0,	0,	0,	0,	0,	0,	0,	0,	0,	0,	0,	0,	0,	0,	0,	0,	0,	0,	0,	0,	),
(	0,	0,	0,	0,	0,	0,	0,	0,	0,	0,	2,	2,	2,	0,	0,	0,	0,	0,	0,	0,	0,	0,	0,	0,	0,	0,	0,	0,	0,	0,	0,	0,	0,	0,	0,	0,	0,	0,	0,	0,	0,	0,	0,	0,	0,	0,	0,	0,	0,	0,	0,	0,	0,	0,	0,	0,	0,	0,	0,	),
(	0,	0,	0,	0,	0,	0,	2,	2,	0,	2,	2,	0,	0,	2,	2,	0,	0,	0,	0,	0,	0,	0,	0,	0,	0,	0,	0,	0,	0,	0,	0,	0,	0,	0,	0,	0,	0,	0,	0,	0,	0,	0,	0,	0,	0,	0,	0,	0,	0,	0,	0,	0,	0,	0,	0,	0,	0,	0,	0,	),
(	0,	0,	0,	0,	0,	0,	0,	0,	0,	0,	0,	2,	0,	0,	0,	0,	0,	0,	0,	0,	0,	0,	0,	0,	0,	0,	0,	0,	0,	0,	0,	0,	0,	0,	0,	0,	0,	0,	0,	0,	0,	0,	0,	0,	0,	0,	0,	0,	0,	0,	0,	0,	0,	0,	0,	0,	0,	0,	0,	),
(	0,	0,	0,	0,	0,	0,	0,	0,	0,	0,	0,	0,	2,	0,	0,	0,	0,	0,	0,	0,	0,	0,	0,	0,	0,	0,	0,	0,	0,	0,	0,	0,	0,	0,	0,	0,	0,	0,	0,	0,	0,	0,	0,	0,	0,	0,	0,	0,	0,	0,	0,	0,	0,	0,	0,	0,	0,	0,	0,	),
(	0,	0,	0,	0,	0,	0,	0,	0,	0,	0,	0,	0,	2,	0,	0,	0,	0,	0,	0,	0,	0,	0,	0,	0,	0,	0,	0,	0,	0,	0,	0,	0,	0,	0,	0,	0,	0,	0,	0,	0,	0,	0,	0,	0,	0,	0,	0,	0,	0,	0,	0,	0,	0,	0,	0,	0,	0,	0,	0,	),
(	0,	0,	0,	0,	0,	0,	0,	0,	0,	0,	0,	2,	0,	0,	0,	0,	0,	0,	0,	0,	0,	0,	0,	0,	0,	0,	0,	0,	0,	0,	0,	0,	0,	0,	0,	0,	0,	0,	0,	0,	0,	0,	0,	0,	0,	0,	0,	0,	0,	0,	0,	0,	0,	0,	0,	0,	0,	0,	0,	),
(	0,	0,	0,	0,	0,	0,	0,	0,	0,	0,	0,	2,	0,	0,	0,	0,	0,	0,	0,	0,	0,	0,	0,	0,	0,	0,	0,	0,	0,	0,	0,	0,	0,	0,	0,	0,	0,	0,	0,	0,	0,	0,	0,	0,	0,	0,	0,	0,	0,	0,	0,	0,	0,	0,	0,	0,	0,	0,	0,	),
(	0,	0,	0,	0,	0,	0,	0,	0,	0,	0,	0,	0,	0,	0,	0,	0,	0,	0,	0,	0,	0,	0,	0,	0,	0,	0,	0,	0,	0,	0,	0,	0,	0,	0,	0,	0,	0,	0,	0,	0,	0,	0,	0,	0,	0,	0,	0,	0,	0,	0,	0,	0,	0,	0,	0,	0,	0,	0,	0,	),
(	0,	0,	0,	0,	0,	0,	0,	0,	0,	0,	0,	0,	0,	0,	0,	0,	0,	0,	0,	0,	0,	0,	0,	0,	0,	0,	0,	0,	0,	0,	0,	0,	0,	0,	0,	0,	0,	0,	0,	0,	0,	0,	0,	0,	0,	0,	0,	0,	0,	0,	0,	0,	0,	0,	0,	0,	0,	0,	0,	),
(	0,	0,	0,	0,	0,	0,	0,	0,	0,	0,	0,	0,	0,	0,	0,	0,	0,	0,	0,	0,	0,	0,	0,	0,	0,	0,	0,	0,	0,	0,	0,	0,	0,	0,	0,	0,	0,	0,	0,	0,	0,	0,	0,	0,	0,	0,	0,	0,	0,	0,	0,	0,	0,	0,	0,	0,	0,	0,	0,	),
(	0,	0,	0,	0,	0,	0,	0,	0,	0,	0,	0,	0,	0,	0,	0,	0,	0,	0,	0,	0,	0,	0,	0,	0,	0,	0,	0,	0,	0,	0,	0,	0,	0,	0,	0,	0,	0,	0,	0,	0,	0,	0,	2,	2,	0,	0,	0,	0,	0,	0,	0,	0,	0,	0,	0,	0,	0,	0,	0,	),
(	0,	0,	0,	0,	0,	0,	0,	0,	0,	0,	0,	0,	0,	0,	0,	0,	0,	0,	0,	0,	0,	0,	0,	0,	0,	0,	0,	0,	0,	0,	0,	0,	0,	0,	0,	0,	0,	0,	0,	0,	0,	0,	2,	2,	2,	2,	0,	0,	0,	0,	0,	0,	0,	0,	0,	0,	0,	0,	0,	),
(	0,	0,	0,	0,	0,	0,	0,	0,	0,	0,	0,	0,	2,	0,	0,	0,	0,	0,	0,	0,	0,	0,	0,	0,	0,	0,	0,	0,	0,	0,	0,	0,	0,	0,	0,	0,	0,	0,	0,	0,	0,	2,	2,	0,	2,	2,	0,	0,	2,	0,	0,	0,	0,	0,	0,	0,	0,	0,	0,	),
(	0,	0,	0,	0,	0,	0,	0,	0,	0,	0,	2,	2,	2,	0,	2,	2,	0,	0,	0,	0,	0,	0,	0,	0,	0,	0,	0,	0,	0,	0,	0,	0,	2,	2,	0,	0,	0,	0,	0,	0,	0,	0,	2,	2,	2,	2,	2,	2,	2,	0,	0,	0,	0,	0,	0,	0,	0,	0,	0,	),
(	0,	0,	0,	0,	0,	0,	0,	0,	0,	2,	0,	2,	2,	2,	2,	2,	6,	0,	0,	0,	0,	0,	0,	0,	0,	0,	0,	0,	0,	0,	0,	2,	2,	2,	2,	0,	0,	0,	0,	0,	0,	0,	2,	2,	2,	2,	2,	2,	2,	2,	0,	0,	0,	0,	0,	0,	0,	0,	0,	),
(	0,	0,	0,	0,	0,	0,	0,	0,	0,	2,	2,	0,	0,	2,	2,	0,	0,	0,	0,	6,	6,	0,	0,	0,	0,	0,	0,	0,	0,	0,	0,	2,	2,	2,	2,	2,	2,	0,	0,	0,	0,	2,	2,	2,	2,	0,	2,	2,	2,	2,	2,	0,	0,	0,	0,	0,	0,	0,	0,	),
(	0,	0,	0,	0,	0,	0,	0,	0,	2,	0,	2,	2,	2,	2,	2,	0,	0,	6,	6,	6,	6,	6,	6,	6,	0,	0,	0,	0,	0,	0,	2,	2,	2,	2,	2,	2,	2,	2,	0,	0,	2,	2,	2,	2,	0,	2,	2,	2,	0,	2,	2,	2,	2,	0,	0,	0,	0,	0,	0,	),
(	0,	0,	0,	0,	0,	0,	0,	6,	0,	0,	0,	0,	0,	2,	2,	6,	0,	0,	6,	6,	6,	6,	6,	6,	6,	6,	6,	0,	0,	0,	2,	2,	2,	0,	2,	2,	2,	2,	0,	0,	2,	0,	2,	2,	2,	2,	2,	2,	2,	2,	2,	2,	2,	0,	0,	0,	0,	0,	0,	),
(	0,	0,	0,	0,	0,	0,	6,	0,	6,	0,	6,	6,	0,	2,	6,	6,	6,	0,	6,	6,	6,	6,	6,	6,	6,	6,	6,	10,	10,	10,	2,	2,	2,	2,	2,	2,	2,	2,	2,	0,	2,	2,	2,	2,	2,	2,	2,	2,	2,	2,	2,	2,	0,	0,	0,	0,	0,	0,	0,	),
(	0,	0,	0,	0,	0,	0,	6,	6,	6,	6,	6,	6,	6,	0,	6,	6,	6,	6,	0,	6,	6,	6,	6,	6,	6,	6,	6,	10,	0,	10,	10,	10,	2,	0,	2,	2,	2,	2,	2,	2,	2,	2,	2,	2,	2,	2,	2,	2,	0,	0,	0,	0,	0,	0,	0,	0,	0,	0,	0,	),
(	0,	0,	0,	0,	0,	0,	0,	0,	6,	6,	0,	0,	6,	6,	0,	0,	6,	0,	0,	6,	6,	6,	6,	6,	6,	6,	6,	10,	10,	10,	0,	0,	0,	0,	0,	2,	2,	2,	2,	2,	2,	2,	2,	2,	2,	2,	2,	0,	2,	2,	0,	2,	0,	2,	0,	0,	0,	0,	0,	),
(	0,	0,	0,	0,	0,	0,	6,	0,	6,	6,	0,	6,	6,	6,	0,	0,	0,	0,	0,	6,	6,	6,	6,	0,	6,	6,	6,	10,	10,	10,	10,	0,	10,	0,	0,	2,	2,	2,	2,	2,	2,	2,	2,	2,	2,	2,	2,	2,	2,	0,	0,	0,	0,	2,	2,	0,	0,	0,	0,	),
(	0,	0,	0,	0,	0,	0,	6,	6,	6,	6,	0,	6,	0,	0,	0,	6,	6,	6,	0,	6,	6,	6,	6,	0,	6,	6,	6,	10,	0,	10,	10,	10,	10,	10,	10,	0,	2,	2,	2,	2,	2,	2,	2,	2,	2,	2,	2,	2,	2,	2,	0,	0,	2,	2,	2,	0,	0,	0,	0,	),
(	0,	0,	0,	0,	0,	0,	6,	0,	6,	6,	0,	6,	6,	0,	6,	6,	0,	6,	0,	0,	6,	6,	6,	6,	0,	6,	6,	6,	6,	0,	10,	10,	10,	0,	0,	0,	0,	2,	2,	2,	2,	2,	2,	2,	2,	0,	12,	2,	2,	2,	0,	0,	0,	0,	0,	2,	0,	0,	0,	),
(	0,	0,	0,	0,	0,	0,	6,	0,	6,	0,	6,	6,	6,	6,	6,	0,	6,	6,	6,	0,	6,	6,	6,	6,	6,	0,	6,	6,	6,	0,	10,	10,	0,	0,	10,	0,	0,	2,	2,	2,	2,	2,	2,	2,	0,	12,	0,	2,	2,	0,	0,	2,	0,	0,	0,	0,	0,	0,	0,	),
(	0,	0,	0,	0,	0,	0,	0,	6,	0,	6,	6,	6,	6,	6,	6,	6,	6,	6,	6,	0,	6,	6,	6,	6,	6,	0,	6,	6,	6,	0,	10,	10,	0,	10,	10,	0,	2,	2,	2,	0,	12,	12,	0,	0,	12,	12,	12,	0,	0,	2,	2,	0,	0,	0,	0,	0,	0,	0,	0,	),
(	0,	0,	0,	0,	0,	0,	0,	6,	0,	6,	6,	6,	6,	6,	6,	0,	6,	6,	0,	6,	6,	6,	6,	6,	6,	0,	6,	6,	6,	0,	10,	10,	0,	10,	10,	2,	2,	2,	0,	0,	12,	12,	0,	12,	12,	0,	0,	0,	2,	0,	0,	0,	0,	0,	0,	0,	0,	0,	0,	),
(	0,	0,	0,	0,	0,	0,	0,	6,	6,	6,	6,	6,	6,	6,	0,	6,	6,	6,	0,	6,	6,	6,	6,	6,	6,	0,	10,	10,	0,	10,	10,	10,	10,	10,	10,	0,	0,	0,	12,	12,	12,	12,	0,	12,	12,	0,	0,	0,	0,	0,	0,	0,	0,	0,	0,	0,	0,	0,	0,	),
(	0,	0,	0,	0,	0,	0,	0,	2,	2,	6,	6,	6,	6,	6,	0,	6,	6,	0,	0,	6,	6,	6,	6,	6,	6,	10,	0,	0,	10,	10,	10,	10,	10,	10,	10,	10,	10,	12,	12,	0,	0,	12,	12,	12,	12,	12,	0,	0,	0,	0,	0,	0,	0,	0,	0,	0,	0,	0,	0,	),
(	0,	0,	0,	0,	0,	0,	0,	2,	2,	2,	6,	6,	6,	6,	6,	6,	0,	6,	6,	6,	6,	6,	6,	6,	6,	10,	10,	10,	0,	10,	10,	10,	10,	10,	10,	10,	12,	12,	0,	0,	12,	12,	12,	0,	0,	0,	0,	0,	0,	0,	0,	0,	0,	0,	0,	0,	0,	0,	0,	),
(	0,	0,	0,	0,	0,	0,	0,	2,	0,	2,	2,	0,	6,	0,	6,	6,	0,	6,	6,	6,	6,	6,	6,	6,	6,	10,	10,	10,	0,	10,	10,	10,	0,	10,	10,	0,	12,	12,	0,	12,	12,	12,	0,	12,	12,	0,	0,	0,	0,	0,	0,	0,	0,	0,	0,	0,	0,	0,	0,	),
(	0,	0,	0,	0,	0,	0,	0,	2,	0,	2,	2,	2,	0,	6,	6,	0,	6,	6,	6,	6,	6,	6,	6,	6,	6,	10,	10,	10,	10,	0,	0,	0,	10,	0,	0,	10,	10,	0,	12,	12,	12,	12,	0,	0,	0,	0,	0,	0,	0,	0,	0,	0,	0,	0,	0,	0,	0,	0,	0,	),
(	0,	0,	0,	0,	0,	0,	0,	2,	0,	2,	2,	2,	2,	2,	6,	6,	6,	6,	6,	6,	6,	6,	6,	10,	10,	10,	10,	10,	0,	10,	10,	10,	10,	10,	10,	10,	0,	12,	12,	12,	0,	0,	0,	0,	0,	0,	0,	0,	0,	0,	0,	0,	0,	0,	0,	0,	0,	0,	0,	),
(	0,	0,	0,	0,	0,	0,	2,	2,	0,	2,	2,	2,	2,	2,	0,	6,	6,	6,	6,	6,	6,	6,	6,	10,	10,	10,	10,	0,	10,	10,	10,	10,	10,	10,	10,	0,	12,	0,	12,	0,	12,	0,	0,	0,	0,	0,	0,	0,	0,	0,	0,	0,	0,	0,	0,	0,	0,	0,	0,	),
(	0,	0,	0,	0,	0,	0,	2,	2,	0,	2,	2,	2,	2,	2,	0,	6,	6,	6,	6,	6,	6,	6,	6,	10,	10,	10,	0,	10,	10,	10,	10,	10,	10,	10,	0,	0,	10,	10,	10,	0,	12,	0,	0,	0,	0,	0,	0,	0,	0,	0,	0,	0,	0,	0,	0,	0,	0,	0,	0,	),
(	0,	0,	0,	0,	0,	0,	0,	2,	0,	2,	2,	2,	2,	2,	6,	6,	6,	6,	6,	6,	6,	6,	6,	10,	10,	0,	10,	10,	10,	10,	10,	10,	0,	0,	10,	10,	10,	10,	10,	0,	0,	0,	0,	0,	0,	0,	0,	0,	0,	0,	0,	0,	0,	0,	0,	0,	0,	0,	0,	),
(	0,	0,	0,	0,	0,	0,	0,	2,	0,	2,	2,	2,	2,	2,	2,	2,	6,	6,	6,	6,	6,	6,	6,	10,	10,	0,	10,	10,	10,	10,	10,	10,	0,	10,	10,	10,	10,	10,	10,	10,	0,	0,	0,	0,	0,	0,	0,	0,	0,	0,	0,	0,	0,	0,	0,	0,	0,	0,	0,	),
(	0,	0,	0,	0,	0,	0,	0,	2,	0,	2,	2,	2,	2,	2,	2,	2,	6,	6,	6,	6,	6,	6,	6,	10,	0,	10,	10,	10,	10,	10,	10,	10,	10,	10,	10,	10,	10,	10,	10,	10,	0,	0,	0,	0,	0,	0,	0,	0,	0,	0,	0,	0,	0,	0,	0,	0,	0,	0,	0,	),
(	0,	0,	0,	0,	0,	0,	0,	2,	0,	2,	2,	2,	2,	2,	2,	2,	6,	6,	6,	6,	6,	0,	6,	10,	10,	0,	10,	10,	10,	10,	10,	10,	10,	10,	10,	0,	10,	10,	10,	0,	0,	0,	0,	0,	0,	0,	0,	0,	0,	0,	0,	0,	0,	0,	0,	0,	0,	0,	0,	),
(	0,	0,	0,	0,	0,	0,	0,	2,	0,	0,	2,	2,	2,	0,	2,	2,	6,	6,	6,	0,	0,	0,	0,	10,	10,	0,	10,	10,	10,	10,	10,	10,	10,	10,	10,	10,	10,	0,	0,	0,	0,	0,	0,	0,	0,	0,	0,	0,	0,	0,	0,	0,	0,	0,	0,	0,	0,	0,	0,	),
(	0,	0,	0,	0,	0,	0,	0,	0,	0,	0,	2,	2,	2,	2,	2,	2,	6,	6,	0,	0,	0,	0,	0,	0,	10,	10,	0,	0,	6,	6,	6,	10,	10,	10,	10,	0,	0,	0,	0,	0,	0,	0,	0,	0,	0,	0,	0,	0,	0,	0,	0,	0,	0,	0,	0,	0,	0,	0,	0,	),
(	0,	0,	0,	0,	0,	0,	0,	0,	0,	0,	2,	2,	2,	2,	2,	2,	2,	6,	0,	0,	0,	0,	0,	0,	0,	0,	0,	0,	0,	0,	6,	6,	10,	10,	0,	0,	0,	0,	0,	0,	0,	0,	0,	0,	0,	0,	0,	0,	0,	0,	0,	0,	0,	0,	0,	0,	0,	0,	0,	),
(	0,	0,	0,	0,	0,	0,	0,	0,	0,	0,	2,	2,	2,	2,	2,	2,	2,	2,	0,	0,	0,	0,	0,	0,	0,	0,	0,	0,	0,	0,	0,	6,	6,	0,	0,	0,	0,	0,	0,	0,	0,	0,	0,	0,	0,	0,	0,	0,	0,	0,	0,	0,	0,	0,	0,	0,	0,	0,	0,	),
(	0,	0,	0,	0,	0,	0,	0,	0,	0,	0,	2,	2,	2,	2,	2,	2,	2,	0,	0,	0,	0,	0,	0,	0,	0,	0,	0,	0,	0,	0,	0,	6,	6,	0,	0,	0,	0,	0,	0,	0,	0,	0,	0,	0,	0,	0,	0,	0,	0,	0,	0,	0,	0,	0,	0,	0,	0,	0,	0,	),
(	0,	0,	0,	0,	0,	0,	0,	0,	0,	2,	2,	2,	2,	2,	2,	2,	2,	0,	0,	0,	0,	0,	0,	0,	0,	0,	0,	0,	0,	0,	0,	6,	6,	6,	0,	0,	0,	0,	0,	0,	0,	0,	0,	0,	0,	0,	0,	0,	0,	0,	0,	0,	0,	0,	0,	0,	0,	0,	0,	),
(	0,	0,	0,	0,	0,	0,	0,	0,	0,	2,	2,	2,	2,	2,	2,	2,	2,	0,	0,	0,	0,	0,	0,	0,	0,	0,	0,	0,	0,	0,	0,	6,	0,	6,	0,	0,	0,	0,	0,	0,	0,	0,	0,	0,	0,	0,	0,	0,	0,	0,	0,	0,	0,	0,	0,	0,	0,	0,	0,	),
(	0,	0,	0,	0,	0,	0,	0,	0,	0,	2,	2,	2,	2,	2,	2,	2,	0,	0,	0,	0,	0,	0,	0,	0,	0,	0,	0,	0,	0,	0,	0,	6,	6,	0,	0,	0,	0,	0,	0,	0,	0,	0,	0,	0,	0,	0,	0,	0,	0,	0,	0,	0,	0,	0,	0,	0,	0,	0,	0,	),
(	0,	0,	0,	0,	0,	0,	0,	0,	0,	0,	2,	2,	2,	2,	0,	2,	0,	0,	0,	0,	0,	0,	0,	0,	0,	0,	0,	0,	0,	0,	0,	0,	6,	0,	0,	0,	0,	0,	0,	0,	0,	0,	0,	0,	0,	0,	0,	0,	0,	0,	0,	0,	0,	0,	0,	0,	0,	0,	0,	),
(	0,	0,	0,	0,	0,	0,	0,	0,	0,	0,	0,	0,	2,	2,	2,	2,	0,	0,	0,	0,	0,	0,	0,	0,	0,	0,	0,	0,	0,	0,	0,	0,	0,	0,	0,	0,	0,	0,	0,	0,	0,	0,	0,	0,	0,	0,	0,	0,	0,	0,	0,	0,	0,	0,	0,	0,	0,	0,	0,	),
(	0,	0,	0,	0,	0,	0,	0,	0,	0,	0,	0,	0,	0,	0,	2,	0,	0,	0,	0,	0,	0,	0,	0,	0,	0,	0,	0,	0,	2,	2,	2,	0,	0,	0,	0,	0,	0,	0,	0,	0,	0,	0,	0,	0,	0,	0,	0,	0,	0,	0,	0,	0,	0,	0,	0,	0,	0,	0,	0,	),
(	0,	0,	0,	0,	0,	0,	0,	0,	0,	0,	0,	0,	0,	0,	0,	0,	0,	0,	0,	0,	0,	0,	0,	0,	0,	0,	0,	2,	0,	0,	2,	2,	2,	0,	0,	0,	0,	0,	0,	0,	0,	0,	0,	0,	0,	0,	0,	0,	0,	0,	0,	0,	0,	0,	0,	0,	0,	0,	0,	),
(	0,	0,	0,	0,	0,	0,	0,	0,	0,	0,	0,	0,	0,	0,	0,	0,	0,	0,	0,	0,	0,	0,	0,	0,	0,	0,	0,	0,	0,	0,	0,	0,	0,	2,	0,	0,	0,	0,	0,	0,	0,	0,	0,	0,	0,	0,	0,	0,	0,	0,	0,	0,	0,	0,	0,	0,	0,	0,	0,	),
(	0,	0,	0,	0,	0,	0,	0,	0,	0,	0,	0,	0,	0,	0,	0,	0,	0,	0,	0,	0,	0,	0,	0,	0,	0,	0,	0,	0,	0,	0,	0,	0,	0,	2,	2,	0,	0,	0,	0,	0,	0,	0,	0,	0,	0,	0,	0,	0,	0,	0,	0,	0,	0,	0,	0,	0,	0,	0,	0,	),
(	0,	0,	0,	0,	0,	0,	0,	0,	0,	0,	0,	0,	0,	0,	0,	0,	0,	0,	0,	0,	0,	0,	0,	0,	0,	0,	0,	0,	0,	0,	0,	0,	0,	0,	2,	2,	0,	0,	0,	0,	0,	0,	0,	0,	0,	0,	0,	0,	0,	0,	0,	0,	0,	0,	0,	0,	0,	0,	0,	),
(	0,	0,	0,	0,	0,	0,	0,	0,	0,	0,	0,	0,	0,	0,	0,	0,	0,	0,	0,	0,	0,	0,	0,	0,	0,	0,	0,	0,	0,	0,	0,	0,	0,	2,	2,	2,	0,	0,	0,	0,	0,	0,	0,	0,	0,	0,	0,	0,	0,	0,	0,	0,	0,	0,	0,	0,	0,	0,	0,	),
(	0,	0,	0,	0,	0,	0,	0,	0,	0,	0,	0,	0,	0,	0,	0,	0,	0,	0,	0,	0,	0,	0,	0,	0,	0,	0,	0,	0,	0,	0,	0,	0,	0,	0,	0,	0,	0,	0,	0,	0,	0,	0,	0,	0,	0,	0,	0,	0,	0,	0,	0,	0,	0,	0,	0,	0,	0,	0,	0,	),
(	0,	2,	0,	0,	0,	0,	0,	0,	0,	0,	0,	0,	0,	0,	0,	0,	0,	0,	0,	0,	0,	0,	0,	0,	0,	0,	0,	0,	0,	0,	0,	0,	0,	0,	0,	0,	0,	0,	0,	0,	0,	0,	0,	0,	0,	0,	0,	0,	0,	0,	0,	0,	0,	0,	0,	0,	0,	0,	0,	),
(	0,	2,	2,	0,	2,	2,	0,	0,	2,	2,	0,	0,	0,	0,	0,	0,	0,	0,	0,	0,	0,	0,	0,	0,	0,	0,	0,	0,	0,	0,	0,	0,	0,	0,	0,	0,	0,	0,	0,	0,	0,	0,	0,	0,	0,	0,	0,	0,	0,	0,	0,	0,	0,	0,	0,	0,	0,	0,	0,	),
(	0,	0,	0,	0,	2,	2,	2,	0,	0,	0,	0,	0,	0,	0,	0,	0,	0,	0,	0,	0,	0,	0,	0,	0,	0,	0,	0,	0,	0,	0,	0,	0,	0,	0,	0,	0,	0,	0,	0,	0,	0,	0,	0,	2,	0,	0,	0,	0,	0,	0,	0,	0,	0,	0,	0,	0,	0,	0,	0,	),
(	0,	0,	0,	0,	0,	0,	0,	0,	2,	0,	2,	2,	2,	0,	0,	0,	0,	0,	0,	0,	0,	0,	0,	0,	0,	0,	0,	0,	0,	0,	0,	0,	0,	0,	0,	0,	0,	0,	0,	0,	0,	0,	0,	0,	2,	0,	0,	0,	0,	0,	0,	0,	0,	0,	0,	0,	0,	0,	0,	),
(	0,	0,	0,	0,	0,	0,	0,	0,	0,	0,	0,	2,	0,	0,	0,	0,	0,	0,	0,	0,	0,	0,	0,	0,	0,	0,	0,	0,	0,	0,	0,	0,	0,	0,	0,	0,	0,	0,	0,	0,	0,	0,	0,	0,	0,	0,	0,	0,	0,	0,	0,	0,	0,	0,	0,	0,	0,	0,	0,	),
(	0,	0,	0,	0,	0,	0,	0,	0,	0,	2,	0,	0,	0,	0,	0,	0,	0,	0,	0,	0,	0,	0,	0,	0,	0,	0,	0,	0,	0,	0,	0,	0,	0,	0,	0,	0,	0,	0,	0,	0,	0,	0,	0,	0,	0,	0,	0,	0,	0,	0,	0,	0,	0,	0,	0,	0,	0,	0,	0,	),
(	0,	0,	0,	0,	0,	0,	0,	0,	0,	0,	0,	0,	2,	2,	0,	0,	0,	0,	0,	0,	0,	0,	0,	0,	0,	0,	0,	0,	0,	0,	0,	0,	0,	0,	0,	0,	0,	0,	0,	0,	0,	0,	0,	0,	0,	0,	0,	0,	0,	0,	0,	0,	0,	0,	0,	0,	0,	0,	0,	),
(	0,	0,	0,	0,	0,	0,	0,	0,	0,	0,	0,	0,	0,	0,	2,	0,	0,	0,	0,	0,	0,	0,	0,	0,	0,	0,	0,	0,	0,	0,	0,	0,	0,	0,	0,	0,	0,	0,	0,	0,	0,	0,	0,	0,	0,	0,	0,	0,	0,	0,	0,	0,	0,	0,	0,	0,	0,	0,	0,	),
(	0,	0,	0,	0,	0,	0,	0,	0,	0,	0,	0,	0,	2,	2,	2,	2,	0,	0,	0,	0,	0,	0,	0,	0,	0,	0,	0,	0,	0,	0,	0,	0,	0,	0,	0,	0,	0,	0,	0,	0,	0,	0,	0,	0,	0,	0,	0,	0,	0,	0,	0,	0,	0,	0,	0,	0,	0,	0,	0,	),
(	0,	0,	0,	0,	0,	0,	0,	0,	0,	0,	0,	0,	2,	0,	2,	0,	0,	0,	0,	0,	0,	0,	0,	0,	0,	0,	0,	0,	0,	0,	0,	0,	0,	0,	0,	0,	0,	0,	0,	0,	0,	0,	0,	0,	0,	0,	0,	0,	0,	0,	0,	0,	0,	0,	0,	0,	0,	0,	0,	),
(	0,	0,	0,	0,	0,	0,	0,	0,	0,	0,	0,	0,	0,	2,	0,	0,	0,	0,	0,	0,	0,	0,	0,	0,	0,	0,	0,	0,	0,	0,	0,	0,	0,	0,	0,	0,	0,	0,	0,	0,	0,	0,	0,	0,	0,	0,	0,	0,	0,	0,	0,	0,	0,	0,	0,	0,	0,	0,	0,	),
(	0,	0,	0,	0,	0,	0,	0,	0,	0,	0,	0,	0,	0,	0,	0,	0,	0,	0,	0,	0,	0,	0,	0,	0,	0,	0,	0,	0,	0,	0,	0,	0,	0,	0,	0,	0,	0,	0,	0,	0,	0,	0,	0,	0,	0,	0,	0,	0,	0,	0,	0,	0,	0,	0,	0,	0,	0,	0,	0,	),
(	0,	0,	0,	0,	0,	0,	0,	0,	0,	0,	0,	0,	0,	0,	0,	0,	0,	0,	0,	0,	0,	0,	0,	0,	0,	0,	0,	0,	0,	0,	0,	0,	0,	0,	0,	0,	0,	0,	0,	0,	0,	0,	0,	0,	0,	0,	0,	0,	0,	0,	0,	0,	0,	0,	0,	0,	0,	0,	0,	),
(	0,	0,	0,	0,	0,	0,	0,	0,	0,	0,	0,	0,	0,	0,	0,	0,	0,	0,	0,	0,	0,	0,	0,	0,	0,	0,	0,	0,	0,	0,	0,	0,	0,	0,	0,	0,	0,	0,	0,	0,	0,	0,	0,	0,	0,	0,	0,	0,	0,	0,	0,	0,	0,	0,	0,	0,	0,	0,	0,	),
(	0,	0,	0,	0,	0,	0,	0,	0,	0,	0,	0,	0,	0,	0,	0,	0,	0,	0,	0,	0,	0,	0,	0,	0,	0,	0,	0,	0,	0,	0,	0,	0,	0,	0,	0,	0,	0,	0,	0,	0,	0,	0,	0,	0,	0,	0,	0,	0,	0,	0,	0,	0,	0,	0,	0,	0,	0,	0,	0,	),
(	0,	0,	0,	0,	0,	0,	0,	0,	0,	0,	0,	0,	0,	0,	0,	0,	0,	0,	0,	0,	0,	0,	0,	0,	0,	0,	0,	0,	0,	0,	0,	0,	0,	0,	0,	0,	0,	0,	0,	0,	0,	0,	0,	0,	0,	0,	0,	0,	0,	0,	0,	0,	0,	0,	0,	0,	0,	0,	0,	),
(	0,	0,	0,	0,	0,	0,	0,	0,	0,	0,	0,	0,	0,	0,	0,	0,	0,	0,	0,	0,	0,	0,	0,	0,	0,	0,	0,	0,	0,	0,	0,	0,	0,	0,	0,	0,	0,	0,	0,	0,	0,	0,	0,	0,	0,	0,	0,	0,	0,	0,	0,	0,	0,	0,	0,	0,	0,	0,	0,	),
(	0,	0,	0,	0,	0,	0,	0,	0,	0,	0,	0,	0,	0,	0,	0,	0,	0,	0,	0,	0,	0,	0,	0,	0,	0,	0,	0,	0,	0,	0,	0,	0,	0,	0,	0,	0,	0,	0,	0,	0,	0,	0,	0,	0,	0,	0,	0,	0,	0,	0,	0,	0,	0,	0,	0,	0,	0,	0,	0,	),
(	0,	0,	0,	0,	0,	0,	0,	0,	0,	0,	0,	0,	0,	0,	0,	0,	0,	0,	0,	0,	0,	0,	0,	0,	0,	0,	0,	0,	0,	0,	0,	0,	0,	0,	0,	0,	0,	0,	0,	0,	0,	0,	0,	0,	0,	0,	0,	0,	0,	0,	0,	0,	0,	0,	0,	0,	0,	0,	0,	),
(	0,	0,	0,	0,	0,	0,	0,	0,	0,	0,	0,	0,	0,	0,	0,	0,	0,	0,	0,	0,	0,	0,	0,	0,	0,	0,	0,	0,	0,	0,	0,	0,	0,	0,	0,	0,	0,	0,	0,	0,	0,	0,	0,	0,	0,	0,	0,	0,	0,	0,	0,	0,	0,	0,	0,	0,	0,	0,	0,	),
(	0,	0,	0,	0,	0,	0,	0,	0,	0,	0,	0,	0,	0,	0,	0,	0,	0,	0,	0,	0,	0,	0,	0,	0,	0,	0,	0,	0,	0,	0,	0,	0,	0,	0,	0,	0,	0,	0,	0,	0,	0,	0,	0,	0,	0,	0,	0,	0,	0,	0,	0,	0,	0,	0,	0,	0,	0,	0,	0,	),
(	0,	0,	0,	0,	0,	0,	0,	0,	0,	0,	0,	0,	0,	0,	0,	0,	0,	0,	0,	0,	0,	0,	0,	0,	0,	0,	0,	0,	0,	0,	0,	0,	0,	0,	0,	0,	0,	0,	0,	0,	0,	0,	0,	0,	0,	0,	0,	0,	0,	0,	0,	0,	0,	0,	0,	0,	0,	0,	0,	),
(	0,	0,	0,	0,	0,	0,	0,	0,	0,	0,	0,	0,	0,	0,	0,	0,	0,	0,	0,	0,	0,	0,	0,	0,	0,	0,	0,	0,	0,	0,	0,	0,	0,	0,	0,	0,	0,	0,	0,	0,	0,	0,	0,	0,	0,	0,	0,	0,	0,	0,	0,	0,	0,	0,	0,	0,	0,	0,	0,	),
(	0,	0,	0,	0,	0,	0,	0,	0,	0,	0,	0,	0,	0,	0,	0,	0,	0,	0,	0,	0,	0,	0,	0,	0,	0,	0,	0,	0,	0,	0,	0,	0,	0,	0,	0,	0,	0,	0,	0,	0,	0,	0,	0,	0,	0,	0,	0,	0,	0,	0,	0,	0,	0,	0,	0,	0,	0,	0,	0,	),
(	0,	0,	0,	0,	0,	0,	0,	0,	0,	0,	0,	0,	0,	0,	0,	0,	0,	0,	0,	0,	0,	0,	0,	0,	0,	0,	0,	0,	0,	0,	0,	0,	0,	0,	0,	0,	0,	0,	0,	0,	0,	0,	0,	0,	0,	0,	0,	0,	0,	0,	0,	0,	0,	0,	0,	0,	0,	0,	0,	),
(	0,	0,	0,	0,	0,	0,	0,	0,	0,	0,	0,	0,	0,	0,	0,	0,	0,	0,	0,	0,	0,	0,	0,	0,	0,	0,	0,	0,	0,	0,	0,	0,	0,	0,	0,	0,	0,	0,	0,	0,	0,	0,	0,	0,	0,	0,	0,	0,	0,	0,	0,	0,	0,	0,	0,	0,	0,	0,	0,	),
(	0,	0,	0,	0,	0,	0,	0,	0,	0,	0,	0,	0,	0,	0,	0,	0,	0,	0,	0,	0,	0,	0,	0,	0,	0,	0,	0,	0,	0,	0,	0,	0,	0,	0,	0,	0,	0,	0,	0,	0,	0,	0,	0,	0,	0,	0,	0,	0,	0,	0,	0,	0,	0,	0,	0,	0,	0,	0,	0,	),
(	0,	0,	0,	0,	0,	0,	0,	0,	0,	0,	0,	0,	0,	0,	0,	0,	0,	0,	0,	0,	0,	0,	0,	0,	0,	0,	0,	0,	0,	0,	0,	0,	0,	0,	0,	0,	0,	0,	0,	0,	0,	0,	0,	0,	0,	0,	0,	0,	0,	0,	0,	0,	0,	0,	0,	0,	0,	0,	0,	),
(	0,	0,	0,	0,	0,	0,	0,	0,	0,	0,	0,	0,	0,	0,	0,	0,	0,	0,	0,	0,	0,	0,	0,	0,	0,	0,	0,	0,	0,	0,	0,	0,	0,	0,	0,	0,	0,	0,	0,	0,	0,	0,	0,	0,	0,	0,	0,	0,	0,	0,	0,	0,	0,	0,	0,	0,	0,	0,	0,	),
(	0,	0,	0,	0,	0,	0,	0,	0,	0,	0,	0,	0,	0,	0,	0,	0,	0,	0,	0,	0,	0,	0,	0,	0,	0,	0,	0,	0,	0,	0,	0,	0,	0,	0,	0,	0,	0,	0,	0,	0,	0,	0,	0,	0,	0,	0,	0,	0,	0,	0,	0,	0,	0,	0,	0,	0,	0,	0,	0,	),
(	0,	0,	0,	0,	0,	0,	0,	0,	0,	0,	0,	0,	0,	0,	0,	0,	0,	0,	0,	0,	0,	0,	0,	0,	0,	0,	0,	0,	0,	0,	0,	0,	0,	0,	0,	0,	0,	0,	0,	0,	0,	0,	0,	0,	0,	0,	0,	0,	0,	0,	0,	0,	0,	0,	0,	0,	0,	0,	0,	),
(	0,	0,	0,	0,	0,	0,	0,	0,	0,	0,	0,	0,	0,	0,	0,	0,	0,	0,	0,	0,	0,	0,	0,	0,	0,	0,	0,	0,	0,	0,	0,	0,	0,	0,	0,	0,	0,	0,	0,	0,	0,	0,	0,	0,	0,	0,	0,	0,	0,	0,	0,	0,	0,	0,	0,	0,	0,	0,	0,	),
(	0,	0,	0,	0,	0,	0,	0,	0,	0,	0,	0,	0,	0,	0,	0,	0,	0,	0,	0,	0,	0,	0,	0,	0,	0,	0,	0,	0,	0,	0,	0,	0,	0,	0,	0,	0,	0,	0,	0,	0,	0,	0,	0,	0,	0,	0,	0,	0,	0,	0,	0,	0,	0,	0,	0,	0,	0,	0,	0,	),
(	0,	0,	0,	0,	0,	0,	0,	0,	0,	0,	0,	0,	0,	0,	0,	0,	0,	0,	0,	0,	0,	0,	0,	0,	0,	0,	0,	0,	0,	0,	0,	0,	0,	0,	0,	0,	0,	0,	0,	0,	0,	0,	0,	0,	0,	0,	0,	0,	0,	0,	0,	0,	0,	0,	0,	0,	0,	0,	0,	),
(	0,	0,	0,	0,	0,	0,	0,	0,	0,	0,	0,	0,	0,	0,	0,	0,	0,	0,	0,	0,	0,	0,	0,	0,	0,	0,	0,	0,	0,	0,	0,	0,	0,	0,	0,	0,	0,	0,	0,	0,	0,	0,	0,	0,	0,	0,	0,	0,	0,	0,	0,	0,	0,	0,	0,	0,	0,	0,	0,	),
(	0,	0,	0,	0,	0,	0,	0,	0,	0,	0,	0,	0,	0,	0,	0,	0,	0,	0,	0,	0,	0,	0,	0,	0,	0,	0,	0,	0,	0,	0,	0,	0,	0,	0,	0,	0,	0,	0,	0,	0,	0,	0,	0,	0,	0,	0,	0,	0,	0,	0,	0,	0,	0,	0,	0,	0,	0,	0,	0,	),
(	0,	0,	0,	0,	0,	0,	0,	0,	0,	0,	0,	0,	0,	0,	0,	0,	0,	0,	0,	0,	0,	0,	0,	0,	0,	0,	0,	0,	0,	0,	0,	0,	0,	0,	0,	0,	0,	0,	0,	0,	0,	0,	0,	0,	0,	0,	0,	0,	0,	0,	0,	0,	0,	0,	0,	0,	0,	0,	0,	),
(	0,	0,	0,	0,	0,	0,	0,	0,	0,	0,	0,	0,	0,	0,	0,	0,	0,	0,	0,	0,	0,	0,	0,	0,	0,	0,	0,	0,	0,	0,	0,	0,	0,	0,	0,	0,	0,	0,	0,	0,	0,	0,	0,	0,	0,	0,	0,	0,	0,	0,	0,	0,	0,	0,	0,	0,	0,	0,	0,	),
(	0,	0,	0,	0,	0,	0,	0,	0,	0,	0,	0,	0,	0,	0,	0,	0,	0,	0,	0,	0,	0,	0,	0,	0,	0,	0,	0,	0,	0,	0,	0,	0,	0,	0,	0,	0,	0,	0,	0,	0,	0,	0,	0,	0,	0,	0,	0,	0,	0,	0,	0,	0,	0,	0,	0,	0,	0,	0,	0,	),
(	0,	0,	0,	0,	0,	0,	0,	0,	0,	0,	0,	0,	0,	0,	0,	0,	0,	0,	0,	0,	0,	0,	0,	0,	0,	0,	0,	0,	0,	0,	0,	0,	0,	0,	0,	0,	0,	0,	0,	0,	0,	0,	0,	0,	0,	0,	0,	0,	0,	0,	0,	0,	0,	0,	0,	0,	0,	0,	0,	),
(	0,	0,	0,	0,	0,	0,	0,	0,	0,	0,	0,	0,	0,	0,	0,	0,	0,	0,	0,	0,	0,	0,	0,	0,	0,	0,	0,	0,	0,	0,	0,	0,	0,	0,	0,	0,	0,	0,	0,	0,	0,	0,	0,	0,	0,	0,	0,	0,	0,	0,	0,	0,	0,	0,	0,	0,	0,	0,	0,	),
(	0,	0,	0,	0,	0,	0,	0,	0,	0,	0,	0,	0,	0,	0,	0,	0,	0,	0,	0,	0,	0,	0,	0,	0,	0,	0,	0,	0,	0,	0,	0,	0,	0,	0,	0,	0,	0,	0,	0,	0,	0,	0,	0,	0,	0,	0,	0,	0,	0,	0,	0,	0,	0,	0,	0,	0,	0,	0,	0,	),
(	0,	0,	0,	0,	0,	0,	0,	0,	0,	0,	0,	0,	0,	0,	0,	0,	0,	0,	0,	0,	0,	0,	0,	0,	0,	0,	0,	0,	0,	0,	0,	0,	0,	0,	0,	0,	0,	0,	0,	0,	0,	0,	0,	0,	0,	0,	0,	0,	0,	0,	0,	0,	0,	0,	0,	0,	0,	0,	0,	),
(	0,	0,	0,	0,	0,	0,	0,	0,	0,	0,	0,	0,	0,	0,	0,	0,	0,	0,	0,	0,	0,	0,	0,	0,	0,	0,	0,	0,	0,	0,	0,	0,	0,	0,	0,	0,	0,	0,	0,	0,	0,	0,	0,	0,	0,	0,	0,	0,	0,	0,	0,	0,	0,	0,	0,	0,	0,	0,	0,	),
(	0,	0,	0,	0,	0,	0,	0,	0,	0,	0,	0,	0,	0,	0,	0,	0,	0,	0,	0,	0,	0,	0,	0,	0,	0,	0,	0,	0,	0,	0,	0,	0,	0,	0,	0,	0,	0,	0,	0,	0,	0,	0,	0,	0,	0,	0,	0,	0,	0,	0,	0,	0,	0,	0,	0,	0,	0,	0,	0,	),
(	0,	0,	0,	0,	0,	0,	0,	0,	0,	0,	0,	0,	0,	0,	0,	0,	0,	0,	0,	0,	0,	0,	0,	0,	0,	0,	0,	0,	0,	0,	0,	0,	0,	0,	0,	0,	0,	0,	0,	0,	0,	0,	0,	0,	0,	0,	0,	0,	0,	0,	0,	0,	0,	0,	0,	0,	0,	0,	0,	),
(	0,	0,	0,	0,	0,	0,	0,	0,	0,	0,	0,	0,	0,	0,	0,	0,	0,	0,	0,	0,	0,	0,	0,	0,	0,	0,	0,	0,	0,	0,	0,	0,	0,	0,	0,	0,	0,	0,	0,	0,	0,	0,	0,	0,	0,	0,	0,	0,	0,	0,	0,	0,	0,	0,	0,	0,	0,	0,	0,	),
(	0,	0,	0,	0,	0,	0,	0,	0,	0,	0,	0,	0,	0,	0,	0,	0,	0,	0,	0,	0,	0,	0,	0,	0,	0,	0,	0,	0,	0,	0,	0,	0,	0,	0,	0,	0,	0,	0,	0,	0,	0,	0,	0,	0,	0,	0,	0,	0,	0,	0,	0,	0,	0,	0,	0,	0,	0,	0,	0,	),
(	0,	0,	0,	0,	0,	0,	0,	0,	0,	0,	0,	0,	0,	0,	0,	0,	0,	0,	0,	0,	0,	0,	0,	0,	0,	0,	0,	0,	0,	0,	0,	0,	0,	0,	0,	0,	0,	0,	0,	0,	0,	0,	0,	0,	0,	0,	0,	0,	0,	0,	0,	0,	0,	0,	0,	0,	0,	0,	0,	),
(	0,	0,	0,	0,	0,	0,	0,	0,	0,	0,	0,	0,	0,	0,	0,	0,	0,	0,	0,	0,	0,	0,	0,	0,	0,	0,	0,	0,	0,	0,	0,	0,	0,	0,	0,	0,	0,	0,	0,	0,	0,	0,	0,	0,	0,	0,	0,	0,	0,	0,	0,	0,	0,	0,	0,	0,	0,	0,	0,	),
(	0,	0,	0,	0,	0,	0,	0,	0,	0,	0,	0,	0,	0,	0,	0,	0,	0,	0,	0,	0,	0,	0,	0,	0,	0,	0,	0,	0,	0,	0,	0,	0,	0,	0,	0,	0,	0,	0,	0,	0,	0,	0,	0,	0,	0,	0,	0,	0,	0,	0,	0,	0,	0,	0,	0,	0,	0,	0,	0,	),
(	0,	0,	0,	0,	0,	0,	0,	0,	0,	0,	0,	0,	0,	0,	0,	0,	0,	0,	0,	0,	0,	0,	0,	0,	0,	0,	0,	0,	0,	0,	0,	0,	0,	0,	0,	0,	0,	0,	0,	0,	0,	0,	0,	0,	0,	0,	0,	0,	0,	0,	0,	0,	0,	0,	0,	0,	0,	0,	0,	),
(	0,	0,	0,	0,	0,	0,	0,	0,	0,	0,	0,	0,	0,	0,	0,	0,	0,	0,	0,	0,	0,	0,	0,	0,	0,	0,	0,	0,	0,	0,	0,	0,	0,	0,	0,	0,	0,	0,	0,	0,	0,	0,	0,	0,	0,	0,	0,	0,	0,	0,	0,	0,	0,	0,	0,	0,	0,	0,	0,	),
(	0,	0,	0,	0,	0,	0,	0,	0,	0,	0,	0,	0,	0,	0,	0,	0,	0,	0,	0,	0,	0,	0,	0,	0,	0,	0,	0,	0,	0,	0,	0,	0,	0,	0,	0,	0,	0,	0,	0,	0,	0,	0,	0,	0,	0,	0,	0,	0,	0,	0,	0,	0,	0,	0,	0,	0,	0,	0,	0,	),
(	0,	0,	0,	0,	0,	0,	0,	0,	0,	0,	0,	0,	0,	0,	0,	0,	0,	0,	0,	0,	0,	0,	0,	0,	0,	0,	0,	0,	0,	0,	0,	0,	0,	0,	0,	0,	0,	0,	0,	0,	0,	0,	0,	0,	0,	0,	0,	0,	0,	0,	0,	0,	0,	0,	0,	0,	0,	0,	0,	),
(	0,	0,	0,	0,	0,	0,	0,	0,	0,	0,	0,	0,	0,	0,	0,	0,	0,	0,	0,	0,	0,	0,	0,	0,	0,	0,	0,	0,	0,	0,	0,	0,	0,	0,	0,	0,	0,	0,	0,	0,	0,	0,	0,	0,	0,	0,	0,	0,	0,	0,	0,	0,	0,	0,	0,	0,	0,	0,	0,	),
(	0,	0,	0,	0,	0,	0,	0,	0,	0,	0,	0,	0,	0,	0,	0,	0,	0,	0,	0,	0,	0,	0,	0,	0,	0,	0,	0,	0,	0,	0,	0,	0,	0,	0,	0,	0,	0,	0,	0,	0,	0,	0,	0,	0,	0,	0,	0,	0,	0,	0,	0,	0,	0,	0,	0,	0,	0,	0,	0,	)),