((	20,	20,	20,	20,	20,	20,	20,	20,	20,	20,	20,	20,	20,	20,	20,	20,	20,	20,	20,	20,	20,	20,	20,	20,	20,	20,	20,	20,	20,	20,	20,	20,	20,	20,	20,	20,	20,	20,	20,	20,	20,	20,	20,	20,	20,	20,	20,	20,	20,	20,	20,	20,	20,	20,	20,	20,	20,	20,	20,	20,	20,	20,	20,	20,	20,	20,	20,	20,	20,	20,	20,	20,	20,	20,	20,	20,	20,	20,	20,	20,	),
(	20,	20,	20,	20,	20,	20,	20,	20,	90,	90,	20,	20,	20,	20,	20,	20,	20,	20,	20,	20,	20,	20,	20,	20,	20,	20,	20,	20,	20,	20,	20,	20,	20,	20,	20,	20,	20,	20,	20,	20,	20,	20,	20,	20,	20,	20,	20,	20,	20,	20,	20,	20,	20,	20,	20,	20,	20,	20,	20,	20,	20,	20,	20,	20,	20,	20,	20,	20,	20,	20,	20,	20,	20,	20,	20,	20,	20,	20,	20,	20,	),
(	20,	20,	20,	20,	20,	90,	90,	90,	90,	90,	90,	90,	90,	20,	20,	20,	20,	20,	20,	20,	20,	20,	20,	20,	20,	20,	20,	20,	20,	20,	20,	20,	20,	20,	20,	20,	20,	20,	20,	20,	20,	20,	20,	20,	20,	20,	20,	20,	20,	20,	20,	20,	20,	20,	20,	20,	20,	20,	20,	20,	20,	20,	20,	20,	20,	20,	20,	20,	20,	20,	20,	20,	20,	20,	20,	20,	20,	20,	20,	20,	),
(	20,	20,	20,	20,	20,	20,	90,	90,	20,	20,	20,	20,	90,	90,	20,	20,	20,	20,	20,	20,	20,	20,	20,	20,	20,	20,	20,	20,	20,	20,	20,	20,	20,	20,	20,	20,	20,	20,	20,	20,	20,	20,	20,	20,	20,	20,	20,	20,	20,	20,	20,	20,	20,	20,	20,	20,	20,	20,	20,	20,	20,	20,	20,	20,	20,	20,	20,	20,	20,	20,	20,	20,	20,	20,	20,	20,	20,	20,	20,	20,	),
(	20,	20,	20,	20,	90,	90,	90,	20,	90,	90,	90,	90,	20,	90,	20,	20,	20,	20,	20,	20,	20,	20,	20,	20,	20,	20,	20,	20,	20,	20,	20,	20,	20,	20,	20,	20,	20,	20,	20,	20,	20,	20,	20,	20,	20,	20,	20,	20,	20,	20,	20,	20,	20,	20,	20,	20,	20,	20,	20,	20,	20,	20,	20,	20,	20,	20,	20,	20,	20,	20,	20,	20,	20,	20,	20,	20,	20,	20,	20,	20,	),
(	20,	20,	20,	20,	20,	20,	90,	90,	90,	90,	90,	90,	90,	90,	20,	20,	20,	20,	20,	20,	20,	20,	20,	20,	20,	20,	20,	20,	20,	20,	20,	20,	20,	20,	20,	20,	20,	20,	20,	20,	20,	20,	20,	20,	20,	20,	20,	20,	20,	20,	20,	20,	20,	20,	20,	20,	20,	20,	20,	20,	20,	20,	20,	20,	20,	20,	20,	20,	20,	20,	20,	20,	20,	20,	20,	20,	20,	20,	20,	20,	),
(	20,	20,	20,	20,	20,	90,	90,	90,	90,	20,	20,	20,	90,	90,	20,	20,	20,	20,	20,	20,	20,	20,	20,	20,	20,	20,	20,	20,	20,	20,	20,	20,	20,	20,	20,	20,	20,	20,	20,	20,	20,	20,	20,	20,	20,	20,	20,	20,	20,	20,	20,	20,	20,	20,	20,	20,	20,	20,	20,	20,	20,	20,	20,	20,	20,	20,	20,	20,	20,	20,	20,	20,	20,	20,	20,	20,	20,	20,	20,	20,	),
(	20,	20,	20,	20,	90,	90,	90,	90,	20,	90,	90,	20,	20,	20,	20,	20,	20,	20,	20,	20,	20,	20,	20,	20,	20,	20,	20,	20,	20,	20,	20,	20,	20,	20,	20,	20,	20,	20,	20,	20,	20,	20,	20,	20,	20,	20,	20,	20,	20,	20,	20,	20,	20,	20,	20,	20,	20,	20,	20,	20,	20,	20,	20,	20,	20,	20,	20,	20,	20,	20,	20,	20,	20,	20,	20,	20,	20,	20,	20,	20,	),
(	20,	20,	20,	20,	90,	90,	20,	90,	90,	90,	200,	90,	90,	90,	20,	20,	20,	20,	20,	20,	20,	20,	20,	20,	20,	20,	20,	20,	20,	20,	20,	20,	20,	20,	20,	20,	20,	20,	20,	20,	20,	20,	20,	20,	20,	20,	20,	20,	20,	20,	20,	20,	20,	20,	20,	20,	20,	20,	20,	20,	20,	20,	20,	20,	20,	20,	20,	20,	20,	20,	20,	20,	20,	20,	20,	20,	20,	20,	20,	20,	),
(	20,	20,	20,	20,	20,	90,	90,	90,	90,	20,	20,	20,	90,	20,	20,	20,	20,	20,	20,	20,	20,	20,	20,	20,	20,	20,	20,	20,	20,	20,	20,	20,	20,	20,	20,	20,	20,	20,	20,	20,	20,	20,	20,	20,	20,	20,	20,	20,	20,	20,	20,	20,	20,	20,	20,	20,	20,	20,	20,	20,	20,	20,	20,	20,	20,	20,	20,	20,	20,	20,	20,	20,	20,	20,	20,	20,	20,	20,	20,	20,	),
(	20,	20,	20,	20,	20,	20,	90,	20,	20,	200,	20,	20,	20,	20,	90,	20,	20,	20,	20,	20,	20,	20,	20,	20,	20,	20,	20,	20,	20,	20,	20,	20,	20,	20,	20,	20,	20,	20,	20,	20,	20,	20,	20,	20,	20,	20,	20,	20,	20,	20,	20,	20,	20,	20,	20,	20,	20,	20,	20,	20,	20,	20,	20,	20,	20,	20,	20,	20,	20,	20,	20,	20,	20,	20,	20,	20,	20,	20,	20,	20,	),
(	20,	20,	20,	20,	20,	20,	90,	20,	20,	20,	20,	20,	20,	20,	20,	200,	20,	20,	20,	20,	20,	20,	20,	20,	20,	20,	20,	20,	20,	20,	20,	20,	20,	20,	20,	20,	20,	20,	20,	20,	20,	20,	20,	20,	20,	20,	20,	20,	20,	20,	20,	20,	20,	20,	20,	20,	20,	20,	20,	20,	20,	20,	20,	20,	20,	20,	20,	20,	20,	20,	20,	20,	20,	20,	20,	20,	20,	20,	20,	20,	),
(	20,	20,	20,	90,	20,	90,	20,	20,	90,	20,	20,	20,	20,	20,	20,	90,	20,	20,	20,	20,	20,	20,	20,	20,	20,	20,	20,	20,	20,	20,	20,	20,	20,	20,	20,	20,	20,	20,	20,	20,	20,	20,	20,	20,	20,	20,	20,	20,	20,	20,	20,	20,	20,	20,	20,	20,	20,	20,	20,	20,	20,	20,	20,	20,	20,	20,	20,	20,	20,	20,	20,	20,	20,	20,	20,	20,	20,	20,	20,	20,	),
(	20,	90,	20,	20,	20,	20,	20,	20,	20,	20,	20,	20,	20,	20,	20,	20,	20,	20,	20,	20,	20,	20,	20,	20,	20,	20,	20,	20,	20,	20,	20,	20,	20,	20,	20,	20,	20,	20,	20,	20,	20,	20,	20,	20,	20,	20,	20,	20,	20,	20,	20,	20,	20,	20,	20,	20,	20,	20,	20,	20,	20,	20,	20,	20,	20,	20,	20,	20,	20,	20,	20,	20,	20,	20,	20,	20,	20,	20,	20,	20,	),
(	20,	20,	20,	20,	20,	20,	20,	20,	20,	20,	20,	20,	20,	20,	20,	20,	20,	20,	20,	20,	20,	20,	20,	20,	20,	20,	20,	20,	20,	20,	20,	20,	20,	20,	20,	20,	20,	20,	20,	20,	20,	20,	20,	20,	20,	20,	20,	20,	20,	20,	20,	20,	20,	20,	20,	20,	20,	20,	20,	20,	20,	20,	20,	20,	20,	20,	20,	20,	20,	20,	20,	20,	20,	20,	20,	20,	20,	20,	20,	20,	),
(	20,	20,	20,	20,	20,	20,	20,	20,	20,	20,	20,	20,	20,	20,	20,	20,	20,	20,	20,	20,	20,	20,	20,	20,	20,	20,	20,	20,	20,	20,	20,	20,	20,	20,	20,	20,	20,	20,	20,	20,	20,	20,	20,	20,	20,	20,	20,	20,	20,	20,	20,	20,	20,	20,	20,	20,	20,	20,	20,	20,	20,	20,	20,	20,	20,	20,	20,	20,	20,	20,	20,	20,	20,	20,	20,	20,	20,	20,	20,	20,	),
(	20,	20,	20,	20,	20,	20,	20,	20,	20,	20,	20,	20,	20,	20,	20,	20,	20,	20,	20,	20,	20,	20,	20,	20,	20,	20,	20,	20,	20,	20,	20,	20,	20,	20,	20,	20,	20,	20,	20,	20,	20,	20,	20,	20,	20,	20,	20,	20,	20,	20,	20,	20,	20,	20,	20,	20,	20,	20,	20,	20,	20,	20,	20,	20,	20,	20,	20,	20,	20,	20,	20,	20,	20,	20,	20,	20,	20,	20,	20,	20,	),
(	20,	20,	20,	20,	20,	20,	20,	20,	20,	20,	20,	20,	20,	20,	20,	20,	20,	20,	20,	20,	20,	20,	20,	20,	20,	20,	20,	20,	20,	20,	20,	20,	20,	20,	20,	20,	20,	20,	20,	20,	20,	20,	20,	20,	20,	20,	20,	20,	20,	20,	20,	20,	20,	20,	20,	20,	20,	20,	20,	20,	20,	20,	20,	20,	20,	20,	20,	20,	20,	20,	20,	20,	20,	20,	20,	20,	20,	20,	20,	20,	),
(	20,	20,	20,	20,	20,	20,	20,	20,	20,	20,	20,	20,	20,	20,	20,	20,	20,	20,	20,	20,	20,	20,	20,	20,	20,	20,	20,	20,	20,	20,	20,	20,	20,	20,	20,	20,	20,	20,	20,	20,	20,	20,	20,	20,	20,	20,	20,	20,	20,	20,	20,	20,	20,	20,	20,	20,	20,	20,	20,	20,	20,	20,	20,	20,	20,	20,	20,	20,	20,	20,	20,	20,	20,	20,	20,	20,	20,	20,	20,	20,	),
(	20,	20,	20,	20,	20,	20,	20,	20,	20,	20,	20,	20,	20,	20,	20,	20,	20,	20,	20,	20,	20,	20,	20,	20,	20,	20,	20,	20,	20,	20,	20,	20,	20,	20,	20,	20,	20,	20,	20,	20,	20,	20,	20,	20,	20,	20,	20,	20,	20,	20,	20,	20,	20,	20,	20,	20,	20,	20,	20,	20,	20,	20,	20,	20,	20,	20,	20,	20,	20,	20,	20,	20,	20,	20,	20,	20,	20,	20,	20,	20,	),
(	20,	20,	20,	20,	20,	20,	20,	20,	20,	20,	20,	20,	20,	20,	20,	20,	20,	20,	20,	20,	20,	20,	20,	20,	20,	20,	20,	20,	20,	20,	20,	20,	20,	20,	20,	20,	20,	20,	20,	20,	20,	20,	20,	20,	20,	20,	20,	20,	20,	20,	20,	20,	20,	20,	20,	20,	20,	20,	20,	20,	20,	20,	20,	20,	20,	20,	20,	20,	20,	20,	20,	20,	20,	20,	20,	20,	20,	20,	20,	20,	),
(	20,	20,	20,	20,	20,	20,	20,	20,	20,	20,	20,	20,	20,	20,	20,	20,	20,	20,	20,	20,	20,	20,	20,	20,	20,	20,	20,	20,	20,	20,	20,	20,	20,	20,	20,	20,	20,	20,	20,	20,	20,	20,	20,	20,	20,	20,	20,	20,	20,	20,	20,	20,	20,	20,	20,	20,	20,	20,	20,	20,	20,	20,	20,	20,	20,	20,	20,	20,	20,	20,	20,	20,	20,	20,	20,	20,	20,	20,	20,	20,	),
(	20,	20,	20,	20,	20,	20,	20,	20,	20,	20,	20,	20,	20,	20,	20,	20,	20,	20,	20,	20,	20,	20,	20,	20,	20,	20,	20,	20,	20,	20,	20,	20,	20,	20,	20,	20,	20,	20,	20,	20,	20,	20,	20,	20,	20,	20,	20,	20,	20,	20,	20,	20,	20,	20,	20,	20,	20,	20,	20,	20,	20,	20,	20,	20,	20,	20,	20,	20,	20,	20,	20,	20,	20,	20,	20,	20,	20,	20,	20,	20,	),
(	20,	20,	20,	20,	20,	20,	20,	20,	20,	20,	20,	20,	20,	20,	20,	20,	20,	20,	20,	20,	20,	20,	20,	20,	20,	20,	20,	20,	20,	20,	20,	20,	20,	20,	20,	20,	20,	20,	20,	20,	20,	20,	20,	20,	20,	20,	20,	20,	20,	20,	20,	20,	20,	20,	20,	20,	20,	20,	20,	20,	20,	20,	20,	20,	20,	20,	20,	20,	20,	20,	20,	20,	20,	20,	20,	20,	20,	20,	20,	20,	),
(	20,	20,	20,	20,	20,	20,	20,	20,	20,	20,	20,	20,	20,	20,	20,	20,	20,	20,	20,	20,	20,	20,	20,	20,	20,	20,	20,	20,	20,	20,	20,	20,	20,	20,	20,	20,	20,	20,	20,	20,	20,	20,	20,	20,	20,	20,	20,	20,	20,	20,	20,	20,	20,	20,	20,	20,	20,	20,	20,	20,	20,	20,	20,	20,	20,	20,	20,	20,	20,	20,	20,	20,	20,	20,	20,	20,	20,	20,	20,	20,	),
(	20,	20,	20,	20,	20,	20,	20,	20,	20,	20,	20,	20,	20,	20,	20,	20,	20,	20,	20,	20,	20,	20,	20,	20,	20,	20,	20,	20,	20,	20,	20,	20,	20,	20,	20,	20,	20,	20,	20,	20,	20,	20,	20,	20,	20,	20,	20,	20,	20,	20,	20,	20,	20,	20,	20,	20,	20,	20,	20,	20,	20,	20,	20,	20,	20,	20,	20,	20,	20,	20,	20,	20,	20,	20,	20,	20,	20,	20,	20,	20,	),
(	20,	20,	20,	20,	20,	20,	20,	20,	20,	20,	20,	20,	20,	20,	20,	20,	20,	20,	20,	20,	20,	20,	20,	20,	20,	20,	20,	20,	20,	20,	20,	20,	20,	20,	20,	20,	20,	20,	20,	20,	20,	20,	20,	20,	20,	20,	20,	20,	20,	20,	20,	20,	20,	20,	20,	20,	20,	20,	20,	20,	20,	20,	20,	20,	20,	20,	20,	20,	20,	20,	20,	20,	20,	20,	20,	20,	20,	20,	20,	20,	),
(	20,	20,	20,	20,	20,	20,	20,	20,	20,	20,	20,	20,	20,	20,	20,	20,	20,	20,	20,	20,	20,	20,	20,	20,	20,	20,	20,	20,	20,	20,	20,	20,	20,	20,	20,	20,	20,	20,	20,	20,	20,	20,	20,	20,	20,	20,	20,	20,	20,	20,	20,	20,	20,	20,	20,	20,	20,	20,	20,	20,	20,	20,	20,	20,	20,	20,	20,	20,	20,	20,	20,	20,	20,	20,	20,	20,	20,	20,	20,	20,	),
(	20,	20,	20,	20,	20,	20,	20,	20,	20,	20,	20,	20,	20,	20,	20,	20,	20,	20,	20,	20,	20,	20,	20,	20,	20,	20,	20,	20,	20,	20,	20,	20,	20,	20,	20,	20,	20,	20,	20,	20,	20,	20,	20,	20,	20,	20,	20,	20,	20,	20,	20,	20,	20,	20,	20,	20,	20,	20,	20,	20,	20,	20,	20,	20,	20,	20,	20,	20,	20,	20,	20,	20,	20,	20,	20,	20,	20,	20,	20,	20,	),
(	20,	20,	20,	20,	20,	20,	20,	20,	20,	20,	20,	20,	20,	20,	20,	20,	20,	20,	20,	20,	20,	20,	20,	20,	20,	20,	20,	20,	20,	20,	20,	20,	20,	20,	20,	20,	20,	20,	20,	20,	20,	20,	20,	20,	20,	20,	20,	20,	20,	20,	20,	20,	20,	20,	20,	20,	20,	20,	20,	20,	20,	20,	20,	20,	20,	20,	20,	20,	20,	20,	20,	20,	20,	20,	20,	20,	20,	20,	20,	20,	),
(	20,	20,	20,	20,	20,	20,	20,	20,	20,	20,	20,	20,	20,	20,	20,	20,	20,	20,	20,	20,	20,	20,	20,	20,	20,	20,	20,	20,	20,	20,	20,	20,	20,	20,	20,	20,	20,	20,	20,	20,	20,	20,	20,	20,	20,	20,	20,	20,	20,	20,	20,	20,	20,	20,	20,	20,	20,	20,	20,	20,	20,	20,	20,	20,	20,	20,	20,	20,	20,	20,	20,	20,	20,	20,	20,	20,	20,	20,	20,	20,	),
(	20,	20,	20,	20,	20,	20,	20,	20,	20,	20,	20,	20,	20,	20,	20,	20,	20,	20,	20,	20,	20,	20,	20,	20,	20,	20,	20,	20,	20,	20,	20,	20,	20,	20,	20,	20,	20,	20,	20,	20,	20,	20,	20,	20,	20,	20,	20,	20,	20,	20,	20,	20,	20,	20,	20,	20,	20,	20,	20,	20,	20,	20,	20,	20,	20,	20,	20,	20,	20,	20,	20,	20,	20,	20,	20,	20,	20,	20,	20,	20,	),
(	20,	20,	20,	20,	20,	20,	20,	20,	20,	20,	20,	20,	20,	20,	20,	20,	20,	20,	20,	20,	20,	20,	20,	20,	20,	20,	20,	20,	20,	20,	20,	20,	20,	20,	20,	20,	20,	20,	20,	20,	20,	20,	20,	20,	20,	20,	20,	20,	20,	20,	20,	20,	20,	20,	20,	20,	20,	20,	20,	20,	20,	20,	20,	20,	20,	20,	20,	20,	20,	20,	20,	20,	20,	20,	20,	20,	20,	20,	20,	20,	),
(	20,	20,	20,	20,	20,	20,	20,	20,	20,	20,	20,	20,	20,	20,	20,	20,	20,	20,	20,	20,	20,	20,	20,	20,	20,	20,	20,	20,	20,	20,	20,	20,	20,	20,	20,	20,	20,	20,	20,	20,	20,	20,	20,	20,	20,	20,	20,	20,	20,	20,	20,	20,	20,	20,	20,	20,	20,	20,	20,	20,	20,	20,	20,	20,	20,	20,	20,	20,	20,	20,	20,	20,	20,	20,	20,	20,	20,	20,	20,	20,	),
(	20,	20,	20,	20,	20,	20,	20,	20,	20,	20,	20,	20,	20,	20,	20,	20,	20,	20,	20,	20,	20,	20,	20,	20,	20,	20,	20,	20,	20,	20,	20,	20,	20,	20,	20,	20,	20,	20,	20,	20,	20,	20,	20,	20,	20,	20,	20,	20,	20,	20,	20,	20,	20,	20,	20,	20,	20,	20,	20,	20,	20,	20,	20,	20,	20,	20,	20,	20,	20,	20,	20,	20,	20,	20,	20,	20,	20,	20,	20,	20,	),
(	20,	20,	20,	20,	20,	20,	20,	20,	20,	20,	20,	20,	20,	20,	20,	20,	20,	20,	20,	20,	20,	20,	20,	20,	20,	20,	20,	20,	20,	20,	20,	20,	20,	20,	20,	20,	20,	20,	20,	20,	20,	20,	20,	20,	20,	20,	20,	20,	20,	20,	20,	20,	20,	20,	20,	20,	20,	20,	20,	20,	20,	20,	20,	20,	20,	20,	20,	20,	20,	20,	20,	20,	20,	20,	20,	20,	20,	20,	20,	20,	),
(	20,	20,	20,	20,	20,	20,	20,	20,	20,	20,	20,	20,	20,	20,	20,	20,	20,	20,	20,	20,	20,	20,	20,	20,	20,	20,	20,	20,	20,	20,	20,	20,	20,	20,	20,	20,	20,	20,	20,	20,	20,	20,	20,	20,	20,	20,	20,	20,	20,	20,	20,	20,	20,	20,	20,	20,	20,	20,	20,	20,	20,	20,	20,	20,	20,	20,	20,	20,	20,	20,	20,	20,	20,	20,	20,	20,	20,	20,	20,	20,	),
(	20,	20,	20,	20,	20,	20,	20,	20,	20,	20,	20,	20,	20,	20,	20,	20,	20,	20,	20,	20,	20,	20,	20,	20,	20,	20,	20,	20,	20,	20,	20,	20,	20,	20,	20,	20,	20,	20,	20,	20,	20,	20,	20,	20,	20,	20,	20,	20,	20,	20,	20,	20,	20,	20,	20,	20,	20,	20,	20,	20,	20,	20,	20,	20,	20,	20,	20,	20,	20,	20,	20,	20,	20,	20,	20,	20,	20,	20,	20,	20,	),
(	20,	20,	20,	20,	20,	20,	20,	20,	20,	20,	20,	20,	20,	20,	20,	20,	20,	20,	20,	20,	20,	20,	20,	20,	20,	20,	20,	20,	20,	20,	20,	20,	20,	20,	20,	20,	20,	20,	20,	20,	20,	20,	20,	20,	20,	20,	20,	20,	20,	20,	20,	20,	20,	20,	20,	20,	20,	20,	20,	20,	20,	20,	20,	20,	20,	20,	20,	20,	20,	20,	20,	20,	20,	20,	20,	20,	20,	20,	20,	20,	),
(	20,	20,	20,	20,	20,	20,	20,	20,	20,	20,	20,	20,	20,	20,	20,	20,	20,	20,	20,	20,	20,	20,	20,	20,	20,	20,	20,	20,	20,	20,	20,	20,	20,	20,	20,	20,	20,	20,	20,	20,	20,	20,	20,	20,	20,	20,	20,	20,	20,	20,	20,	20,	20,	20,	20,	20,	20,	20,	20,	20,	20,	20,	20,	20,	20,	20,	20,	20,	20,	20,	20,	20,	20,	20,	20,	20,	20,	20,	20,	20,	),
(	20,	20,	20,	20,	20,	20,	20,	20,	20,	20,	20,	20,	20,	20,	20,	20,	20,	20,	20,	20,	20,	20,	20,	20,	20,	20,	20,	20,	20,	20,	20,	20,	20,	20,	20,	20,	20,	20,	20,	20,	20,	20,	20,	20,	20,	20,	20,	20,	20,	20,	20,	20,	20,	20,	20,	20,	20,	20,	20,	20,	20,	20,	20,	20,	20,	20,	20,	20,	20,	20,	20,	20,	20,	20,	20,	20,	20,	20,	20,	20,	),
(	20,	20,	20,	20,	20,	20,	20,	20,	20,	20,	20,	20,	20,	20,	20,	20,	20,	20,	20,	20,	20,	20,	20,	20,	20,	20,	20,	20,	20,	20,	20,	20,	20,	20,	20,	20,	20,	20,	20,	20,	20,	20,	20,	20,	20,	20,	20,	20,	20,	20,	20,	20,	20,	20,	20,	20,	20,	20,	20,	20,	20,	20,	20,	20,	20,	20,	20,	20,	20,	20,	20,	20,	20,	20,	20,	20,	20,	20,	20,	20,	),
(	20,	20,	20,	20,	20,	20,	20,	20,	20,	20,	20,	20,	20,	20,	20,	20,	20,	20,	20,	20,	20,	20,	20,	20,	20,	20,	20,	20,	20,	20,	20,	20,	20,	20,	20,	20,	20,	20,	20,	20,	20,	20,	20,	20,	20,	20,	20,	20,	20,	20,	20,	20,	20,	20,	20,	20,	20,	20,	20,	20,	20,	20,	20,	20,	20,	20,	20,	20,	20,	20,	20,	20,	20,	20,	20,	20,	20,	20,	20,	20,	),
(	20,	20,	20,	20,	20,	20,	20,	20,	20,	20,	20,	20,	20,	20,	20,	20,	20,	20,	20,	20,	20,	20,	20,	20,	20,	20,	20,	20,	20,	20,	20,	20,	20,	20,	20,	20,	20,	20,	20,	20,	20,	20,	20,	20,	20,	20,	20,	20,	20,	20,	20,	20,	20,	20,	20,	20,	20,	20,	20,	20,	20,	20,	20,	20,	20,	20,	20,	20,	20,	20,	20,	20,	20,	20,	20,	20,	20,	20,	20,	20,	),
(	20,	20,	20,	20,	20,	20,	20,	20,	20,	20,	20,	20,	20,	20,	20,	20,	20,	20,	20,	20,	20,	20,	20,	20,	20,	20,	20,	20,	20,	20,	20,	20,	20,	20,	20,	20,	20,	20,	20,	20,	20,	20,	20,	20,	20,	20,	20,	20,	20,	20,	20,	20,	20,	20,	20,	20,	20,	20,	20,	20,	20,	20,	20,	20,	20,	20,	20,	20,	20,	20,	20,	20,	20,	20,	20,	20,	20,	20,	20,	20,	),
(	20,	20,	20,	20,	20,	20,	20,	20,	20,	20,	20,	20,	20,	20,	20,	20,	20,	20,	20,	20,	20,	20,	20,	20,	20,	20,	20,	20,	20,	20,	20,	20,	20,	20,	20,	20,	20,	20,	20,	20,	20,	20,	20,	20,	20,	20,	20,	20,	20,	20,	20,	20,	20,	20,	20,	20,	20,	20,	20,	20,	20,	20,	20,	20,	20,	20,	20,	20,	20,	20,	20,	20,	20,	20,	20,	20,	20,	20,	20,	20,	),
(	20,	20,	20,	20,	20,	20,	20,	20,	20,	20,	20,	20,	20,	20,	20,	20,	20,	20,	20,	20,	20,	20,	20,	20,	20,	20,	20,	20,	20,	20,	20,	20,	20,	20,	20,	20,	20,	20,	20,	20,	20,	20,	20,	20,	20,	20,	20,	20,	20,	20,	20,	20,	20,	20,	20,	20,	20,	20,	20,	20,	20,	20,	20,	20,	20,	20,	20,	20,	20,	20,	20,	20,	20,	20,	20,	20,	20,	20,	20,	20,	),
(	20,	20,	20,	20,	20,	20,	20,	20,	20,	20,	20,	20,	20,	20,	20,	20,	20,	20,	20,	20,	20,	20,	20,	20,	20,	20,	20,	20,	20,	20,	20,	20,	20,	20,	20,	20,	20,	20,	20,	20,	20,	20,	20,	20,	20,	20,	20,	20,	20,	20,	20,	20,	20,	20,	20,	20,	20,	20,	20,	20,	20,	20,	20,	20,	20,	20,	20,	20,	20,	20,	20,	20,	20,	20,	20,	20,	20,	20,	20,	20,	),
(	20,	20,	20,	20,	20,	20,	20,	20,	20,	20,	20,	20,	20,	20,	20,	20,	20,	20,	20,	20,	20,	20,	20,	20,	20,	20,	20,	20,	20,	20,	20,	20,	20,	20,	20,	20,	20,	20,	20,	20,	20,	20,	20,	20,	20,	20,	20,	20,	20,	20,	20,	20,	20,	20,	20,	20,	20,	20,	20,	20,	20,	20,	20,	20,	20,	20,	20,	20,	20,	20,	20,	20,	20,	20,	20,	20,	20,	20,	20,	20,	),
(	20,	20,	20,	20,	20,	20,	20,	20,	20,	20,	20,	20,	20,	20,	20,	20,	20,	20,	20,	20,	20,	20,	20,	20,	20,	20,	20,	20,	20,	20,	20,	20,	20,	20,	20,	20,	20,	20,	20,	20,	20,	20,	20,	20,	20,	20,	20,	20,	20,	20,	20,	20,	20,	20,	20,	20,	20,	20,	20,	20,	20,	20,	20,	20,	20,	20,	20,	20,	20,	20,	20,	20,	20,	20,	20,	20,	20,	20,	20,	20,	),
(	20,	20,	20,	20,	20,	20,	20,	20,	20,	20,	20,	20,	20,	20,	20,	20,	20,	20,	20,	20,	20,	20,	20,	20,	20,	20,	20,	20,	20,	20,	20,	20,	20,	20,	20,	20,	20,	20,	20,	20,	20,	20,	20,	20,	20,	20,	20,	20,	20,	20,	20,	20,	20,	20,	20,	20,	20,	20,	20,	20,	20,	20,	20,	20,	20,	20,	20,	20,	20,	20,	20,	20,	20,	20,	20,	20,	20,	20,	20,	20,	),
(	20,	20,	20,	20,	20,	20,	20,	20,	20,	20,	20,	20,	20,	20,	20,	20,	20,	20,	20,	20,	20,	20,	20,	20,	20,	20,	20,	20,	20,	20,	20,	20,	20,	20,	20,	20,	20,	20,	20,	20,	20,	20,	20,	20,	20,	20,	20,	20,	20,	20,	20,	20,	20,	20,	20,	20,	20,	20,	20,	20,	20,	20,	20,	20,	20,	20,	20,	20,	20,	20,	20,	20,	20,	20,	20,	20,	20,	20,	20,	20,	),
(	20,	20,	20,	20,	20,	20,	20,	20,	20,	20,	20,	20,	20,	20,	20,	20,	20,	20,	20,	20,	20,	20,	20,	20,	20,	20,	20,	20,	20,	20,	20,	20,	20,	20,	20,	20,	20,	20,	20,	20,	20,	20,	20,	20,	20,	20,	20,	20,	20,	20,	20,	20,	20,	20,	20,	20,	20,	20,	20,	20,	20,	20,	20,	20,	20,	20,	20,	20,	20,	20,	20,	20,	20,	20,	20,	20,	20,	20,	20,	20,	),
(	20,	20,	20,	20,	20,	20,	20,	20,	20,	20,	20,	20,	20,	20,	20,	20,	20,	20,	20,	20,	20,	20,	20,	20,	20,	20,	20,	20,	20,	20,	20,	20,	20,	20,	20,	20,	20,	20,	20,	20,	20,	20,	20,	20,	20,	20,	20,	20,	20,	20,	20,	20,	20,	20,	20,	20,	20,	20,	20,	20,	20,	20,	20,	20,	20,	20,	20,	20,	20,	20,	20,	20,	20,	20,	20,	20,	20,	20,	20,	20,	),
(	20,	20,	20,	20,	20,	20,	20,	20,	20,	20,	20,	20,	20,	20,	20,	20,	20,	20,	20,	20,	20,	20,	20,	20,	20,	20,	20,	20,	20,	20,	20,	20,	20,	20,	20,	20,	20,	20,	20,	20,	20,	20,	20,	20,	20,	20,	20,	20,	20,	20,	20,	20,	20,	20,	20,	20,	20,	20,	20,	20,	20,	20,	20,	20,	20,	20,	20,	20,	20,	20,	20,	20,	20,	20,	20,	20,	20,	20,	20,	20,	),
(	20,	20,	20,	20,	20,	20,	20,	20,	20,	20,	20,	20,	20,	20,	20,	20,	20,	20,	20,	20,	20,	20,	20,	20,	20,	20,	20,	20,	20,	20,	20,	20,	20,	20,	20,	20,	20,	20,	20,	20,	20,	20,	20,	20,	20,	20,	20,	20,	20,	20,	20,	20,	20,	20,	20,	20,	20,	20,	20,	20,	20,	20,	20,	20,	20,	20,	20,	20,	20,	20,	20,	20,	20,	20,	20,	20,	20,	20,	20,	20,	),
(	20,	20,	20,	20,	20,	20,	20,	20,	20,	20,	20,	20,	20,	20,	20,	20,	20,	20,	20,	20,	20,	20,	20,	20,	20,	20,	20,	20,	20,	20,	20,	20,	20,	20,	20,	20,	20,	20,	20,	20,	20,	20,	20,	20,	20,	20,	20,	20,	20,	20,	20,	20,	20,	20,	20,	20,	20,	20,	20,	20,	20,	20,	20,	20,	20,	20,	20,	20,	20,	20,	20,	20,	20,	20,	20,	20,	20,	20,	20,	20,	),
(	20,	20,	20,	20,	20,	20,	20,	20,	20,	20,	20,	20,	20,	20,	20,	20,	20,	20,	20,	20,	20,	20,	20,	20,	20,	20,	20,	20,	20,	20,	20,	20,	20,	20,	20,	20,	20,	20,	20,	20,	20,	20,	20,	20,	20,	20,	20,	20,	20,	20,	20,	20,	20,	20,	20,	20,	20,	20,	20,	20,	20,	20,	20,	20,	20,	20,	20,	20,	20,	20,	20,	20,	20,	20,	20,	20,	20,	20,	20,	20,	),
(	20,	20,	20,	20,	20,	20,	20,	20,	20,	20,	20,	20,	20,	20,	20,	20,	20,	20,	20,	20,	20,	20,	20,	20,	20,	20,	20,	20,	20,	20,	20,	20,	20,	20,	20,	20,	20,	20,	20,	20,	20,	20,	20,	20,	20,	20,	20,	20,	20,	20,	20,	20,	20,	20,	20,	20,	20,	20,	20,	20,	20,	20,	20,	20,	20,	20,	20,	20,	20,	20,	20,	20,	20,	20,	20,	20,	20,	20,	20,	20,	),
(	20,	20,	20,	20,	20,	20,	20,	20,	20,	20,	20,	20,	20,	20,	20,	20,	20,	20,	20,	20,	20,	20,	20,	20,	20,	20,	20,	20,	20,	20,	20,	20,	20,	20,	20,	20,	20,	20,	20,	20,	20,	20,	20,	20,	20,	20,	20,	20,	20,	20,	20,	20,	20,	20,	20,	20,	20,	20,	20,	20,	20,	20,	20,	20,	20,	20,	20,	20,	20,	20,	20,	20,	20,	20,	20,	20,	20,	20,	20,	20,	),
(	20,	20,	20,	20,	20,	20,	20,	20,	20,	20,	20,	20,	20,	20,	20,	20,	20,	20,	20,	20,	20,	20,	20,	20,	20,	20,	20,	20,	20,	20,	20,	20,	20,	20,	20,	20,	20,	20,	20,	20,	20,	20,	20,	20,	20,	20,	20,	20,	20,	20,	20,	20,	20,	20,	20,	20,	20,	20,	20,	20,	20,	20,	20,	20,	20,	20,	20,	20,	20,	20,	20,	20,	20,	20,	20,	20,	20,	20,	20,	20,	),
(	20,	20,	20,	20,	20,	20,	20,	20,	20,	20,	20,	20,	20,	20,	20,	20,	20,	20,	20,	20,	20,	20,	20,	20,	20,	20,	20,	20,	20,	20,	20,	20,	20,	20,	20,	20,	20,	20,	20,	20,	20,	20,	20,	20,	20,	20,	20,	20,	20,	20,	20,	20,	20,	20,	20,	20,	20,	20,	20,	20,	20,	20,	20,	20,	20,	20,	20,	20,	20,	20,	20,	20,	20,	20,	20,	20,	20,	20,	20,	20,	),
(	20,	20,	20,	20,	20,	20,	20,	20,	20,	20,	20,	20,	20,	20,	20,	20,	20,	20,	20,	20,	20,	20,	20,	20,	20,	20,	20,	20,	20,	20,	20,	20,	20,	20,	20,	20,	20,	20,	20,	20,	20,	20,	20,	20,	20,	20,	20,	20,	20,	20,	20,	20,	20,	20,	20,	20,	20,	20,	20,	20,	20,	20,	20,	20,	20,	20,	20,	20,	20,	20,	20,	20,	20,	20,	20,	20,	20,	20,	20,	20,	),
(	20,	20,	20,	20,	20,	20,	20,	20,	20,	20,	20,	20,	20,	20,	20,	20,	20,	20,	20,	20,	20,	20,	20,	20,	20,	20,	20,	20,	20,	20,	20,	20,	20,	20,	20,	20,	20,	20,	20,	20,	20,	20,	20,	20,	20,	20,	20,	20,	20,	20,	20,	20,	20,	20,	20,	20,	20,	20,	20,	20,	20,	20,	20,	20,	20,	20,	20,	20,	20,	20,	20,	20,	20,	20,	20,	20,	20,	20,	20,	20,	),
(	20,	20,	20,	20,	20,	20,	20,	20,	20,	20,	20,	20,	20,	20,	20,	20,	20,	20,	20,	20,	20,	20,	20,	20,	20,	20,	20,	20,	20,	20,	20,	20,	20,	20,	20,	20,	20,	20,	20,	20,	20,	20,	20,	20,	20,	20,	20,	20,	20,	20,	20,	20,	20,	20,	20,	20,	20,	20,	20,	20,	20,	20,	20,	20,	20,	20,	20,	20,	20,	20,	20,	20,	20,	20,	20,	20,	20,	20,	20,	20,	),
(	20,	20,	20,	20,	20,	20,	20,	20,	20,	20,	20,	20,	20,	20,	20,	20,	20,	20,	20,	20,	20,	20,	20,	20,	20,	20,	20,	20,	20,	20,	20,	20,	20,	20,	20,	20,	20,	20,	20,	20,	20,	20,	20,	20,	20,	20,	20,	20,	20,	20,	20,	20,	20,	20,	20,	20,	20,	20,	20,	20,	20,	20,	20,	20,	20,	20,	20,	20,	20,	20,	20,	20,	20,	20,	20,	20,	20,	20,	20,	20,	),
(	20,	20,	20,	20,	20,	20,	20,	20,	20,	20,	20,	20,	20,	20,	20,	20,	20,	20,	20,	20,	20,	20,	20,	20,	20,	20,	20,	20,	20,	20,	20,	20,	20,	20,	20,	20,	20,	20,	20,	20,	20,	20,	20,	20,	20,	20,	20,	20,	20,	20,	20,	20,	20,	20,	20,	20,	20,	20,	20,	20,	20,	20,	20,	20,	20,	20,	20,	20,	20,	20,	20,	20,	20,	20,	20,	20,	20,	20,	20,	20,	),
(	20,	20,	20,	20,	20,	20,	20,	20,	20,	20,	20,	20,	20,	20,	20,	20,	20,	20,	20,	20,	20,	20,	20,	20,	20,	20,	20,	20,	20,	20,	20,	20,	20,	20,	20,	20,	20,	20,	20,	20,	20,	20,	20,	20,	20,	20,	20,	20,	20,	20,	20,	20,	20,	20,	20,	20,	20,	20,	20,	20,	20,	20,	20,	20,	20,	20,	20,	20,	20,	20,	20,	20,	20,	20,	20,	20,	20,	20,	20,	20,	),
(	20,	20,	20,	20,	20,	20,	20,	20,	20,	20,	20,	20,	20,	20,	20,	20,	20,	20,	20,	20,	20,	20,	20,	20,	20,	20,	20,	20,	20,	20,	20,	20,	20,	20,	20,	20,	20,	20,	20,	20,	20,	20,	20,	20,	20,	20,	20,	20,	20,	20,	20,	20,	20,	20,	20,	20,	20,	20,	20,	20,	20,	20,	20,	20,	20,	20,	20,	20,	20,	20,	20,	20,	20,	20,	20,	20,	20,	20,	20,	20,	),
(	20,	20,	20,	20,	20,	20,	20,	20,	20,	20,	20,	20,	20,	20,	20,	20,	20,	20,	20,	20,	20,	20,	20,	20,	20,	20,	20,	20,	20,	20,	20,	20,	20,	20,	20,	20,	20,	20,	20,	20,	20,	20,	20,	20,	20,	20,	20,	20,	20,	20,	20,	20,	20,	20,	20,	20,	20,	20,	20,	20,	20,	20,	20,	20,	20,	20,	20,	20,	20,	20,	20,	20,	20,	20,	20,	20,	20,	20,	20,	20,	),
(	20,	20,	20,	20,	20,	20,	20,	20,	20,	20,	20,	20,	20,	20,	20,	20,	20,	20,	20,	20,	20,	20,	20,	20,	20,	20,	20,	20,	20,	20,	20,	20,	20,	20,	20,	20,	20,	20,	20,	20,	20,	20,	20,	20,	20,	20,	20,	20,	20,	20,	20,	20,	20,	20,	20,	20,	20,	20,	20,	20,	20,	20,	20,	20,	20,	20,	20,	20,	20,	20,	20,	20,	20,	20,	20,	20,	20,	20,	20,	20,	),
(	20,	20,	20,	20,	20,	20,	20,	20,	20,	20,	20,	20,	20,	20,	20,	20,	20,	20,	20,	20,	20,	20,	20,	20,	20,	20,	20,	20,	20,	20,	20,	20,	20,	20,	20,	20,	20,	20,	20,	20,	20,	20,	20,	20,	20,	20,	20,	20,	20,	20,	20,	20,	20,	20,	20,	20,	20,	20,	20,	20,	20,	20,	20,	20,	20,	20,	20,	20,	20,	20,	20,	20,	20,	20,	20,	20,	20,	20,	20,	20,	),
(	20,	20,	20,	20,	20,	20,	20,	20,	20,	20,	20,	20,	20,	20,	20,	20,	20,	20,	20,	20,	20,	20,	20,	20,	20,	20,	20,	20,	20,	20,	20,	20,	20,	20,	20,	20,	20,	20,	20,	20,	20,	20,	20,	20,	20,	20,	20,	20,	20,	20,	20,	20,	20,	20,	20,	20,	20,	20,	20,	20,	20,	20,	20,	20,	20,	20,	20,	20,	20,	20,	20,	20,	20,	20,	20,	20,	20,	20,	20,	20,	),
(	20,	20,	20,	20,	20,	20,	20,	20,	20,	20,	20,	20,	20,	20,	20,	20,	20,	20,	20,	20,	20,	20,	20,	20,	20,	20,	20,	20,	20,	20,	20,	20,	20,	20,	20,	20,	20,	20,	20,	20,	20,	20,	20,	20,	20,	20,	20,	20,	20,	20,	20,	20,	20,	20,	20,	20,	20,	20,	20,	20,	20,	20,	20,	20,	20,	20,	20,	20,	20,	20,	20,	20,	20,	20,	20,	20,	20,	20,	20,	20,	),
(	20,	20,	20,	20,	20,	20,	20,	20,	20,	20,	20,	20,	20,	20,	20,	20,	20,	20,	20,	20,	20,	20,	20,	20,	20,	20,	20,	20,	20,	20,	20,	20,	20,	20,	20,	20,	20,	20,	20,	20,	20,	20,	20,	20,	20,	20,	20,	20,	20,	20,	20,	20,	20,	20,	20,	20,	20,	20,	20,	20,	20,	20,	20,	20,	20,	20,	20,	20,	20,	20,	20,	20,	20,	20,	20,	20,	20,	20,	20,	20,	),
(	20,	20,	20,	20,	20,	20,	20,	20,	20,	20,	20,	20,	20,	20,	20,	20,	20,	20,	20,	20,	20,	20,	20,	20,	20,	20,	20,	20,	20,	20,	20,	20,	20,	20,	20,	20,	20,	20,	20,	20,	20,	20,	20,	20,	20,	20,	20,	20,	20,	20,	20,	20,	20,	20,	20,	20,	20,	20,	20,	20,	20,	20,	20,	20,	20,	20,	20,	20,	20,	20,	20,	20,	20,	20,	20,	20,	20,	20,	20,	20,	),
(	20,	20,	20,	20,	20,	20,	20,	20,	20,	20,	20,	20,	20,	20,	20,	20,	20,	20,	20,	20,	20,	20,	20,	20,	20,	20,	20,	20,	20,	20,	20,	20,	20,	20,	20,	20,	20,	20,	20,	20,	20,	20,	20,	20,	20,	20,	20,	20,	20,	20,	20,	20,	20,	20,	20,	20,	20,	20,	20,	20,	20,	20,	20,	20,	20,	20,	20,	20,	20,	20,	20,	20,	20,	20,	20,	20,	20,	20,	20,	20,	),
(	20,	20,	20,	20,	20,	20,	20,	20,	20,	20,	20,	20,	20,	20,	20,	20,	20,	20,	20,	20,	20,	20,	20,	20,	20,	20,	20,	20,	20,	20,	20,	20,	20,	20,	20,	20,	20,	20,	20,	20,	20,	20,	20,	20,	20,	20,	20,	20,	20,	20,	20,	20,	20,	20,	20,	20,	20,	20,	20,	20,	20,	20,	20,	20,	20,	20,	20,	20,	20,	20,	20,	20,	20,	20,	20,	20,	20,	20,	20,	20,	),
(	20,	20,	20,	20,	20,	20,	20,	20,	20,	20,	20,	20,	20,	20,	20,	20,	20,	20,	20,	20,	20,	20,	20,	20,	20,	20,	20,	20,	20,	20,	20,	20,	20,	20,	20,	20,	20,	20,	20,	20,	20,	20,	20,	20,	20,	20,	20,	20,	20,	20,	20,	20,	20,	20,	20,	20,	20,	20,	20,	20,	20,	20,	20,	20,	20,	20,	20,	20,	20,	20,	20,	20,	20,	20,	20,	20,	20,	20,	20,	20,	),
(	20,	20,	20,	20,	20,	20,	20,	20,	20,	20,	20,	20,	20,	20,	20,	20,	20,	20,	20,	20,	20,	20,	20,	20,	20,	20,	20,	20,	20,	20,	20,	20,	20,	20,	20,	20,	20,	20,	20,	20,	20,	20,	20,	20,	20,	20,	20,	20,	20,	20,	20,	20,	20,	20,	20,	20,	20,	20,	20,	20,	20,	20,	20,	20,	20,	20,	20,	20,	20,	20,	20,	20,	20,	20,	20,	20,	20,	20,	20,	20,	),
(	20,	20,	20,	20,	20,	20,	20,	20,	20,	20,	20,	20,	20,	20,	20,	20,	20,	20,	20,	20,	20,	20,	20,	20,	20,	20,	20,	20,	20,	20,	20,	20,	20,	20,	20,	20,	20,	20,	20,	20,	20,	20,	20,	20,	20,	20,	20,	20,	20,	20,	20,	20,	20,	20,	20,	20,	20,	20,	20,	20,	20,	20,	20,	20,	20,	20,	20,	20,	20,	20,	20,	20,	20,	20,	20,	20,	20,	20,	20,	20,	),
(	20,	20,	20,	20,	20,	20,	20,	20,	20,	20,	20,	20,	20,	20,	20,	20,	20,	20,	20,	20,	20,	20,	20,	20,	20,	20,	20,	20,	20,	20,	20,	20,	20,	20,	20,	20,	20,	20,	20,	20,	20,	20,	20,	20,	20,	20,	20,	20,	20,	20,	20,	20,	20,	20,	20,	20,	20,	20,	20,	20,	20,	20,	20,	20,	20,	20,	20,	20,	20,	20,	20,	20,	20,	20,	20,	20,	20,	20,	20,	20,	),
(	20,	20,	20,	20,	20,	20,	20,	20,	20,	20,	20,	20,	20,	20,	20,	20,	20,	20,	20,	20,	20,	20,	20,	20,	20,	20,	20,	20,	20,	20,	20,	20,	20,	20,	20,	20,	20,	20,	20,	20,	20,	20,	20,	20,	20,	20,	20,	20,	20,	20,	20,	20,	20,	20,	20,	20,	20,	20,	20,	20,	20,	20,	20,	20,	20,	20,	20,	20,	20,	20,	20,	20,	20,	20,	20,	20,	20,	20,	20,	20,	),
(	20,	20,	20,	20,	20,	20,	20,	20,	20,	20,	20,	20,	20,	20,	20,	20,	20,	20,	20,	20,	20,	20,	20,	20,	20,	20,	20,	20,	20,	20,	20,	20,	20,	20,	20,	20,	20,	20,	20,	20,	20,	20,	20,	20,	20,	20,	20,	20,	20,	20,	20,	20,	20,	20,	20,	20,	20,	20,	20,	20,	20,	20,	20,	20,	20,	20,	20,	20,	20,	20,	20,	20,	20,	20,	20,	20,	20,	20,	20,	20,	),
(	20,	20,	20,	20,	20,	20,	20,	20,	20,	20,	20,	20,	20,	20,	20,	20,	20,	20,	20,	20,	20,	20,	20,	20,	20,	20,	20,	20,	20,	20,	20,	20,	20,	20,	20,	20,	20,	20,	20,	20,	20,	20,	20,	20,	20,	20,	20,	20,	20,	20,	20,	20,	20,	20,	20,	20,	20,	20,	20,	20,	20,	20,	20,	20,	20,	20,	20,	20,	20,	20,	20,	20,	20,	20,	20,	20,	20,	20,	20,	20,	),
(	20,	20,	20,	20,	20,	20,	20,	20,	20,	20,	20,	20,	20,	20,	20,	20,	20,	20,	20,	20,	20,	20,	20,	20,	20,	20,	20,	20,	20,	20,	20,	20,	20,	20,	20,	20,	20,	20,	20,	20,	20,	20,	20,	20,	20,	20,	20,	20,	20,	20,	20,	20,	20,	20,	20,	20,	20,	20,	20,	20,	20,	20,	20,	20,	20,	20,	20,	20,	20,	20,	20,	20,	20,	20,	20,	20,	20,	20,	20,	20,	),
(	20,	20,	20,	20,	20,	20,	20,	20,	20,	20,	20,	20,	20,	20,	20,	20,	20,	20,	20,	20,	20,	20,	20,	20,	20,	20,	20,	20,	20,	20,	20,	20,	20,	20,	20,	20,	20,	20,	20,	20,	20,	20,	20,	20,	20,	20,	20,	20,	20,	20,	20,	20,	20,	20,	20,	20,	20,	20,	20,	20,	20,	20,	20,	20,	20,	20,	20,	20,	20,	20,	20,	20,	20,	20,	20,	20,	20,	20,	20,	20,	),
(	20,	20,	20,	20,	20,	20,	20,	20,	20,	20,	20,	20,	20,	20,	20,	20,	20,	20,	20,	20,	20,	20,	20,	20,	20,	20,	20,	20,	20,	20,	20,	20,	20,	20,	20,	20,	20,	20,	20,	20,	20,	20,	20,	20,	20,	20,	20,	20,	20,	20,	20,	20,	20,	20,	20,	20,	20,	20,	20,	20,	20,	20,	20,	20,	20,	20,	20,	20,	20,	20,	20,	20,	20,	20,	20,	20,	20,	20,	20,	20,	),
(	20,	20,	20,	20,	20,	20,	20,	20,	20,	20,	20,	20,	20,	20,	20,	20,	20,	20,	20,	20,	20,	20,	20,	20,	20,	20,	20,	20,	20,	20,	20,	20,	20,	20,	20,	20,	20,	20,	20,	20,	20,	20,	20,	20,	20,	20,	20,	20,	20,	20,	20,	20,	20,	20,	20,	20,	20,	20,	20,	20,	20,	20,	20,	20,	20,	20,	20,	20,	20,	20,	20,	20,	20,	20,	20,	20,	20,	20,	20,	20,	),
(	20,	20,	20,	20,	20,	20,	20,	20,	20,	20,	20,	20,	20,	20,	20,	20,	20,	20,	20,	20,	20,	20,	20,	20,	20,	20,	20,	20,	20,	20,	20,	20,	20,	20,	20,	20,	20,	20,	20,	20,	20,	20,	20,	20,	20,	20,	20,	20,	20,	20,	20,	20,	20,	20,	20,	20,	20,	20,	20,	20,	20,	20,	20,	20,	20,	20,	20,	20,	20,	20,	20,	20,	20,	20,	20,	20,	20,	20,	20,	20,	),
(	20,	20,	20,	20,	20,	20,	20,	20,	20,	20,	20,	20,	20,	20,	20,	20,	20,	20,	20,	20,	20,	20,	20,	20,	20,	20,	20,	20,	20,	20,	20,	20,	20,	20,	20,	20,	20,	20,	20,	20,	20,	20,	20,	20,	20,	20,	20,	20,	20,	20,	20,	20,	20,	20,	20,	20,	20,	20,	20,	20,	20,	20,	20,	20,	20,	20,	20,	20,	20,	20,	20,	20,	20,	20,	20,	20,	20,	20,	20,	20,	),
(	20,	20,	20,	20,	20,	20,	20,	20,	20,	20,	20,	20,	20,	20,	20,	20,	20,	20,	20,	20,	20,	20,	20,	20,	20,	20,	20,	20,	20,	20,	20,	20,	20,	20,	20,	20,	20,	20,	20,	20,	20,	20,	20,	20,	20,	20,	20,	20,	20,	20,	20,	20,	20,	20,	20,	20,	20,	20,	20,	20,	20,	20,	20,	20,	20,	20,	20,	20,	20,	20,	20,	20,	20,	20,	20,	20,	20,	20,	20,	20,	),
(	20,	20,	20,	20,	20,	20,	20,	20,	20,	20,	20,	20,	20,	20,	20,	20,	20,	20,	20,	20,	20,	20,	20,	20,	20,	20,	20,	20,	20,	20,	20,	20,	20,	20,	20,	20,	20,	20,	20,	20,	20,	20,	20,	20,	20,	20,	20,	20,	20,	20,	20,	20,	20,	20,	20,	20,	20,	20,	20,	20,	20,	20,	20,	20,	20,	20,	20,	20,	20,	20,	20,	20,	20,	20,	20,	20,	20,	20,	20,	20,	),
(	20,	20,	20,	20,	20,	20,	20,	20,	20,	20,	20,	20,	20,	20,	20,	20,	20,	20,	20,	20,	20,	20,	20,	20,	20,	20,	20,	20,	20,	20,	20,	20,	20,	20,	20,	20,	20,	20,	20,	20,	20,	20,	20,	20,	20,	20,	20,	20,	20,	20,	20,	20,	20,	20,	20,	20,	20,	20,	20,	20,	20,	20,	20,	20,	20,	20,	20,	20,	20,	20,	20,	20,	20,	20,	20,	20,	20,	20,	20,	20,	),
(	20,	20,	20,	20,	20,	20,	20,	20,	20,	20,	20,	20,	20,	20,	20,	20,	20,	20,	20,	20,	20,	20,	20,	20,	20,	20,	20,	20,	20,	20,	20,	20,	20,	20,	20,	20,	20,	20,	20,	20,	20,	20,	20,	20,	20,	20,	20,	20,	20,	20,	20,	20,	20,	20,	20,	20,	20,	20,	20,	20,	20,	20,	20,	20,	20,	20,	20,	20,	20,	20,	20,	20,	20,	20,	20,	20,	20,	20,	20,	20,	),
(	20,	20,	20,	20,	20,	20,	20,	20,	20,	20,	20,	20,	20,	20,	20,	20,	20,	20,	20,	20,	20,	20,	20,	20,	20,	20,	20,	20,	20,	20,	20,	20,	20,	20,	20,	20,	20,	20,	20,	20,	20,	20,	20,	20,	20,	20,	20,	20,	20,	20,	20,	20,	20,	20,	20,	20,	20,	20,	20,	20,	20,	20,	20,	20,	20,	20,	20,	20,	20,	20,	20,	20,	20,	20,	20,	20,	20,	20,	20,	20,	),
(	20,	20,	20,	20,	20,	20,	20,	20,	20,	20,	20,	20,	20,	20,	20,	20,	20,	20,	20,	20,	20,	20,	20,	20,	20,	20,	20,	20,	20,	20,	20,	20,	20,	20,	20,	20,	20,	20,	20,	20,	20,	20,	20,	20,	20,	20,	20,	20,	20,	20,	20,	20,	20,	20,	20,	20,	20,	20,	20,	20,	20,	20,	20,	20,	20,	20,	20,	20,	20,	20,	20,	20,	20,	20,	20,	20,	20,	20,	20,	20,	),
(	20,	20,	20,	20,	20,	20,	20,	20,	20,	20,	20,	20,	20,	20,	20,	20,	20,	20,	20,	20,	20,	20,	20,	20,	20,	20,	20,	20,	20,	20,	20,	20,	20,	20,	20,	20,	20,	20,	20,	20,	20,	20,	20,	20,	20,	20,	20,	20,	20,	20,	20,	20,	20,	20,	20,	20,	20,	20,	20,	20,	20,	20,	20,	20,	20,	20,	20,	20,	20,	20,	20,	20,	20,	20,	20,	20,	20,	20,	20,	20,	),
(	20,	20,	20,	20,	20,	20,	20,	20,	20,	20,	20,	20,	20,	20,	20,	20,	20,	20,	20,	20,	20,	20,	20,	20,	20,	20,	20,	20,	20,	20,	20,	20,	20,	20,	20,	20,	20,	20,	20,	20,	20,	20,	20,	20,	20,	20,	20,	20,	20,	20,	20,	20,	20,	20,	20,	20,	20,	20,	20,	20,	20,	20,	20,	20,	20,	20,	20,	20,	20,	20,	20,	20,	20,	20,	20,	20,	20,	20,	20,	20,	),
(	20,	20,	20,	20,	20,	20,	20,	20,	20,	20,	20,	20,	20,	20,	20,	20,	20,	20,	20,	20,	20,	20,	20,	20,	20,	20,	20,	20,	20,	20,	20,	20,	20,	20,	20,	20,	20,	20,	20,	20,	20,	20,	20,	20,	20,	20,	20,	20,	20,	20,	20,	20,	20,	20,	20,	20,	20,	20,	20,	20,	20,	20,	20,	20,	20,	20,	20,	20,	20,	20,	20,	20,	20,	20,	20,	20,	20,	20,	20,	20,	),
(	20,	20,	20,	20,	20,	20,	20,	20,	20,	20,	20,	20,	20,	20,	20,	20,	20,	20,	20,	20,	20,	20,	20,	20,	20,	20,	20,	20,	20,	20,	20,	20,	20,	20,	20,	20,	20,	20,	20,	20,	20,	20,	20,	20,	20,	20,	20,	20,	20,	20,	20,	20,	20,	20,	20,	20,	20,	20,	20,	20,	20,	20,	20,	20,	20,	20,	20,	20,	20,	20,	20,	20,	20,	20,	20,	20,	20,	20,	20,	20,	),
(	20,	20,	20,	20,	20,	20,	20,	20,	20,	20,	20,	20,	20,	20,	20,	20,	20,	20,	20,	20,	20,	20,	20,	20,	20,	20,	20,	20,	20,	20,	20,	20,	20,	20,	20,	20,	20,	20,	20,	20,	20,	20,	20,	20,	20,	20,	20,	20,	20,	20,	20,	20,	20,	20,	20,	20,	20,	20,	20,	20,	20,	20,	20,	20,	20,	20,	20,	20,	20,	20,	20,	20,	20,	20,	20,	20,	20,	20,	20,	20,	),
(	20,	20,	20,	20,	20,	20,	20,	20,	20,	20,	20,	20,	20,	20,	20,	20,	20,	20,	20,	20,	20,	20,	20,	20,	20,	20,	20,	20,	20,	20,	20,	20,	20,	20,	20,	20,	20,	20,	20,	20,	20,	20,	20,	20,	20,	20,	20,	20,	20,	20,	20,	20,	20,	20,	20,	20,	20,	20,	20,	20,	20,	20,	20,	20,	20,	20,	20,	20,	20,	20,	20,	20,	20,	20,	20,	20,	20,	20,	20,	20,	),
(	20,	20,	20,	20,	20,	20,	20,	20,	20,	20,	20,	20,	20,	20,	20,	20,	20,	20,	20,	20,	20,	20,	20,	20,	20,	20,	20,	20,	20,	20,	20,	20,	20,	20,	20,	20,	20,	20,	20,	20,	20,	20,	20,	20,	20,	20,	20,	20,	20,	20,	20,	20,	20,	20,	20,	20,	20,	20,	20,	20,	20,	20,	20,	20,	20,	20,	20,	20,	20,	20,	20,	20,	20,	20,	20,	20,	20,	20,	20,	20,	),
(	20,	20,	20,	20,	20,	20,	20,	20,	20,	20,	20,	20,	20,	20,	20,	20,	20,	20,	20,	20,	20,	20,	20,	20,	20,	20,	20,	20,	20,	20,	20,	20,	20,	20,	20,	20,	20,	20,	20,	20,	20,	20,	20,	20,	20,	20,	20,	20,	20,	20,	20,	20,	20,	20,	20,	20,	20,	20,	20,	20,	20,	20,	20,	20,	20,	20,	20,	20,	20,	20,	20,	20,	20,	20,	20,	20,	20,	20,	20,	20,	),
(	20,	20,	20,	20,	20,	20,	20,	20,	20,	20,	20,	20,	20,	20,	20,	20,	20,	20,	20,	20,	20,	20,	20,	20,	20,	20,	20,	20,	20,	20,	20,	20,	20,	20,	20,	20,	20,	20,	20,	20,	20,	20,	20,	20,	20,	20,	20,	20,	20,	20,	20,	20,	20,	20,	20,	20,	20,	20,	20,	20,	20,	20,	20,	20,	20,	20,	20,	20,	20,	20,	20,	20,	20,	20,	20,	20,	20,	20,	20,	20,	),
(	20,	20,	20,	20,	20,	20,	20,	20,	20,	20,	20,	20,	20,	20,	20,	20,	20,	20,	20,	20,	20,	20,	20,	20,	20,	20,	20,	20,	20,	20,	20,	20,	20,	20,	20,	20,	20,	20,	20,	20,	20,	20,	20,	20,	20,	20,	20,	20,	20,	20,	20,	20,	20,	20,	20,	20,	20,	20,	20,	20,	20,	20,	20,	20,	20,	20,	20,	20,	20,	20,	20,	20,	20,	20,	20,	20,	20,	20,	20,	20,	),
(	20,	20,	20,	20,	20,	20,	20,	20,	20,	20,	20,	20,	20,	20,	20,	20,	20,	20,	20,	20,	20,	20,	20,	20,	20,	20,	20,	20,	20,	20,	20,	20,	20,	20,	20,	20,	20,	20,	20,	20,	20,	20,	20,	20,	20,	20,	20,	20,	20,	20,	20,	20,	20,	20,	20,	20,	20,	20,	20,	20,	20,	20,	20,	20,	20,	20,	20,	20,	20,	20,	20,	20,	20,	20,	20,	20,	20,	20,	20,	20,	)),