((	20,	20,	20,	20,	20,	20,	20,	20,	20,	20,	20,	20,	20,	20,	20,	20,	20,	20,	20,	20,	20,	20,	20,	20,	20,	20,	20,	20,	20,	20,	20,	20,	20,	20,	20,	20,	20,	20,	20,	20,	20,	20,	20,	20,	20,	20,	20,	20,	20,	20,	20,	20,	20,	20,	20,	20,	20,	20,	20,	),
(	20,	20,	20,	20,	20,	20,	20,	20,	20,	20,	20,	20,	20,	20,	20,	20,	20,	20,	20,	20,	20,	20,	20,	20,	20,	20,	20,	20,	20,	20,	20,	20,	20,	20,	20,	20,	20,	20,	20,	20,	20,	20,	20,	20,	20,	20,	20,	20,	20,	20,	20,	20,	20,	20,	20,	20,	20,	20,	20,	),
(	20,	20,	20,	20,	20,	20,	20,	20,	20,	20,	20,	20,	20,	20,	20,	20,	20,	20,	20,	20,	20,	20,	20,	20,	20,	20,	20,	20,	20,	20,	20,	20,	20,	20,	20,	20,	20,	20,	20,	20,	20,	20,	20,	20,	20,	20,	20,	20,	20,	20,	20,	20,	20,	20,	20,	20,	20,	20,	20,	),
(	20,	20,	20,	20,	20,	20,	20,	20,	20,	20,	20,	20,	20,	20,	20,	20,	20,	20,	20,	20,	20,	20,	20,	20,	20,	20,	20,	20,	20,	20,	20,	20,	20,	20,	20,	20,	20,	20,	20,	20,	20,	20,	20,	20,	20,	20,	20,	20,	20,	20,	20,	20,	20,	20,	20,	20,	20,	20,	20,	),
(	20,	20,	20,	20,	20,	20,	20,	20,	20,	20,	20,	20,	20,	20,	20,	20,	20,	20,	20,	20,	20,	20,	20,	20,	20,	20,	20,	20,	20,	20,	20,	20,	20,	20,	20,	20,	20,	20,	20,	20,	20,	20,	20,	20,	20,	20,	20,	20,	20,	20,	20,	20,	20,	20,	20,	20,	20,	20,	20,	),
(	20,	20,	20,	20,	20,	20,	20,	20,	20,	20,	20,	20,	20,	20,	20,	20,	20,	20,	20,	20,	20,	20,	20,	20,	20,	20,	20,	20,	20,	20,	20,	20,	20,	20,	20,	20,	20,	20,	20,	20,	20,	20,	20,	20,	20,	20,	20,	20,	20,	20,	20,	20,	20,	20,	20,	20,	20,	20,	20,	),
(	20,	20,	20,	20,	20,	20,	20,	20,	20,	20,	20,	20,	20,	20,	20,	20,	20,	20,	20,	20,	20,	20,	20,	20,	20,	20,	20,	20,	20,	20,	20,	20,	20,	20,	20,	20,	20,	20,	20,	20,	20,	20,	20,	20,	20,	20,	20,	20,	20,	20,	20,	20,	20,	20,	20,	20,	20,	20,	20,	),
(	20,	20,	20,	20,	20,	20,	20,	20,	20,	20,	20,	20,	20,	20,	20,	20,	20,	20,	20,	20,	20,	20,	20,	20,	20,	20,	20,	20,	20,	20,	20,	20,	20,	20,	20,	20,	20,	20,	20,	20,	20,	20,	20,	20,	20,	20,	20,	20,	20,	20,	20,	20,	20,	20,	20,	20,	20,	20,	20,	),
(	20,	20,	20,	20,	20,	20,	20,	20,	20,	20,	20,	20,	20,	20,	20,	20,	20,	20,	20,	20,	20,	20,	20,	20,	20,	20,	20,	20,	20,	20,	20,	20,	20,	20,	20,	20,	20,	20,	20,	20,	20,	20,	20,	20,	20,	20,	20,	20,	20,	20,	20,	20,	20,	20,	20,	20,	20,	20,	20,	),
(	20,	20,	20,	20,	20,	20,	20,	20,	20,	20,	20,	20,	20,	20,	20,	20,	20,	20,	20,	20,	20,	20,	20,	20,	20,	20,	20,	20,	20,	20,	20,	20,	20,	20,	20,	20,	20,	20,	20,	20,	20,	20,	20,	20,	20,	20,	20,	20,	20,	20,	20,	20,	20,	20,	20,	20,	20,	20,	20,	),
(	20,	20,	20,	20,	20,	20,	20,	20,	20,	20,	20,	20,	20,	20,	20,	20,	20,	20,	20,	20,	20,	20,	20,	20,	20,	20,	20,	20,	20,	20,	20,	20,	20,	20,	20,	20,	20,	20,	20,	20,	20,	20,	20,	20,	20,	20,	20,	20,	20,	20,	20,	20,	20,	20,	20,	20,	20,	20,	20,	),
(	20,	20,	20,	20,	20,	20,	20,	20,	20,	20,	20,	20,	20,	20,	20,	20,	20,	20,	20,	20,	20,	20,	20,	20,	20,	20,	20,	20,	20,	20,	20,	20,	20,	20,	20,	20,	20,	20,	20,	20,	20,	20,	20,	20,	20,	20,	20,	20,	20,	20,	20,	20,	20,	20,	20,	20,	20,	20,	20,	),
(	20,	20,	20,	20,	20,	20,	20,	20,	20,	20,	20,	20,	20,	20,	20,	20,	20,	20,	20,	20,	20,	20,	20,	20,	20,	20,	20,	20,	20,	20,	20,	20,	20,	20,	20,	20,	20,	20,	20,	20,	20,	20,	20,	20,	20,	20,	20,	20,	20,	20,	20,	20,	20,	20,	20,	20,	20,	20,	20,	),
(	20,	20,	20,	20,	20,	20,	20,	20,	20,	20,	20,	20,	20,	20,	20,	20,	20,	20,	20,	20,	20,	20,	20,	20,	20,	20,	20,	20,	20,	20,	20,	20,	20,	20,	20,	20,	20,	20,	20,	20,	20,	20,	20,	20,	20,	20,	20,	20,	20,	20,	20,	20,	20,	20,	20,	20,	20,	20,	20,	),
(	20,	20,	20,	20,	20,	20,	20,	20,	20,	20,	20,	20,	20,	20,	20,	20,	20,	20,	20,	20,	20,	20,	20,	20,	20,	20,	20,	20,	20,	20,	20,	20,	20,	20,	20,	20,	20,	20,	20,	20,	20,	20,	20,	20,	20,	20,	20,	20,	20,	20,	20,	20,	20,	20,	20,	20,	20,	20,	20,	),
(	20,	20,	20,	20,	20,	20,	20,	20,	20,	20,	20,	20,	20,	20,	20,	20,	20,	20,	20,	20,	20,	20,	20,	20,	20,	20,	20,	20,	20,	20,	20,	20,	20,	20,	20,	20,	20,	20,	20,	20,	20,	20,	20,	20,	20,	20,	20,	20,	20,	20,	20,	20,	20,	20,	20,	20,	20,	20,	20,	),
(	20,	20,	20,	20,	20,	20,	20,	20,	20,	20,	20,	20,	20,	20,	20,	20,	20,	20,	20,	20,	20,	20,	20,	20,	20,	20,	20,	20,	20,	20,	20,	20,	20,	20,	20,	20,	20,	20,	20,	20,	20,	20,	20,	20,	20,	20,	20,	20,	20,	20,	20,	20,	20,	20,	20,	20,	20,	20,	20,	),
(	20,	20,	20,	20,	20,	20,	20,	20,	20,	20,	20,	20,	20,	20,	20,	20,	20,	20,	20,	20,	20,	20,	20,	20,	20,	20,	20,	20,	20,	20,	20,	20,	20,	20,	20,	20,	20,	20,	20,	20,	20,	20,	20,	20,	20,	20,	20,	20,	20,	20,	20,	20,	20,	20,	20,	20,	20,	20,	20,	),
(	20,	20,	20,	20,	20,	20,	20,	20,	20,	20,	20,	20,	20,	20,	20,	20,	20,	20,	20,	20,	20,	20,	20,	20,	20,	20,	20,	20,	20,	20,	20,	20,	20,	20,	20,	20,	20,	20,	20,	20,	20,	20,	20,	20,	20,	20,	20,	20,	20,	20,	20,	20,	20,	20,	20,	20,	20,	20,	20,	),
(	20,	20,	20,	20,	20,	20,	20,	20,	20,	20,	20,	20,	20,	20,	20,	20,	20,	20,	20,	20,	20,	20,	20,	20,	20,	20,	20,	20,	20,	20,	20,	20,	20,	20,	20,	20,	20,	20,	20,	20,	20,	20,	20,	20,	20,	20,	20,	20,	20,	20,	20,	20,	20,	20,	20,	20,	20,	20,	20,	),
(	20,	20,	20,	20,	20,	20,	20,	20,	20,	20,	20,	20,	20,	20,	20,	20,	20,	20,	20,	20,	20,	20,	20,	20,	20,	20,	20,	20,	20,	20,	20,	20,	20,	20,	20,	20,	20,	20,	20,	20,	20,	20,	20,	20,	20,	20,	20,	20,	20,	20,	20,	20,	20,	20,	20,	20,	20,	20,	20,	),
(	20,	20,	20,	20,	20,	20,	20,	20,	20,	20,	20,	20,	20,	20,	20,	20,	20,	20,	20,	20,	20,	20,	20,	20,	20,	20,	20,	20,	20,	20,	20,	20,	20,	20,	20,	20,	20,	20,	20,	20,	20,	20,	20,	20,	20,	20,	20,	20,	20,	20,	20,	20,	20,	20,	20,	20,	20,	20,	20,	),
(	20,	20,	20,	20,	20,	20,	20,	20,	20,	20,	20,	20,	20,	20,	20,	20,	20,	20,	20,	20,	20,	20,	20,	20,	20,	20,	20,	20,	20,	20,	20,	20,	20,	20,	20,	20,	20,	20,	20,	20,	20,	20,	20,	20,	20,	20,	20,	20,	20,	20,	20,	20,	20,	20,	20,	20,	20,	20,	20,	),
(	20,	20,	20,	20,	20,	20,	20,	20,	20,	20,	20,	20,	20,	20,	20,	20,	20,	20,	20,	20,	20,	20,	20,	20,	20,	20,	20,	20,	20,	20,	20,	20,	20,	20,	20,	20,	20,	20,	20,	20,	20,	20,	20,	20,	20,	20,	20,	20,	20,	20,	20,	20,	20,	20,	20,	20,	20,	20,	20,	),
(	20,	20,	20,	20,	20,	20,	20,	20,	20,	20,	20,	20,	20,	20,	20,	20,	20,	20,	20,	20,	20,	20,	20,	20,	20,	20,	20,	20,	20,	20,	20,	20,	20,	20,	20,	20,	20,	20,	20,	20,	20,	20,	20,	20,	20,	20,	20,	20,	20,	20,	20,	20,	20,	20,	20,	20,	20,	20,	20,	),
(	20,	20,	20,	20,	20,	20,	20,	20,	20,	20,	20,	20,	20,	20,	20,	20,	20,	20,	20,	20,	20,	20,	20,	20,	20,	20,	20,	20,	20,	20,	20,	20,	20,	20,	20,	20,	20,	20,	20,	20,	20,	20,	20,	20,	20,	20,	20,	20,	20,	20,	20,	20,	20,	20,	20,	20,	20,	20,	20,	),
(	20,	20,	20,	20,	20,	20,	20,	90,	20,	20,	20,	20,	20,	20,	20,	20,	20,	20,	20,	20,	20,	20,	20,	20,	20,	20,	20,	20,	20,	20,	20,	20,	20,	20,	20,	20,	20,	20,	20,	20,	20,	20,	20,	20,	20,	20,	20,	20,	20,	20,	20,	20,	20,	20,	20,	20,	20,	20,	20,	),
(	20,	20,	20,	20,	20,	20,	90,	20,	90,	20,	90,	90,	20,	20,	20,	20,	20,	20,	20,	20,	20,	20,	20,	20,	20,	20,	20,	20,	20,	20,	20,	20,	20,	20,	20,	20,	20,	20,	20,	20,	20,	20,	20,	20,	20,	20,	20,	20,	20,	20,	20,	20,	20,	20,	20,	20,	20,	20,	20,	),
(	20,	20,	20,	20,	20,	20,	90,	90,	90,	90,	90,	90,	90,	20,	90,	90,	20,	20,	20,	20,	90,	90,	90,	90,	90,	20,	20,	20,	20,	20,	20,	20,	20,	20,	20,	20,	20,	20,	20,	20,	20,	20,	20,	20,	20,	20,	20,	20,	20,	20,	20,	20,	20,	20,	20,	20,	20,	20,	20,	),
(	20,	20,	20,	20,	20,	20,	20,	20,	90,	90,	20,	20,	90,	90,	20,	20,	90,	20,	20,	90,	90,	90,	90,	90,	20,	20,	20,	20,	20,	20,	20,	20,	20,	20,	20,	20,	20,	20,	20,	20,	20,	20,	20,	20,	20,	20,	20,	20,	20,	20,	20,	20,	20,	20,	20,	20,	20,	20,	20,	),
(	20,	20,	20,	20,	20,	20,	200,	20,	90,	90,	20,	90,	90,	90,	20,	20,	20,	20,	20,	90,	90,	90,	90,	20,	20,	20,	20,	90,	20,	20,	20,	20,	20,	20,	20,	20,	20,	20,	20,	20,	20,	20,	20,	20,	20,	20,	20,	20,	20,	20,	20,	20,	20,	20,	20,	20,	20,	20,	20,	),
(	20,	20,	20,	20,	20,	20,	90,	90,	200,	90,	20,	90,	20,	20,	20,	90,	90,	90,	20,	90,	90,	90,	90,	20,	20,	20,	90,	90,	20,	20,	20,	20,	20,	20,	20,	20,	20,	20,	20,	20,	20,	20,	20,	20,	20,	20,	20,	20,	20,	20,	20,	20,	20,	20,	20,	20,	20,	20,	20,	),
(	20,	20,	20,	20,	20,	20,	90,	20,	90,	90,	20,	90,	90,	20,	90,	90,	20,	90,	20,	20,	90,	90,	90,	90,	20,	90,	90,	90,	90,	20,	20,	20,	20,	20,	20,	20,	20,	20,	20,	20,	20,	20,	20,	20,	20,	20,	20,	20,	20,	20,	20,	20,	20,	20,	20,	20,	20,	20,	20,	),
(	20,	20,	20,	20,	20,	90,	20,	90,	90,	20,	90,	90,	90,	90,	90,	20,	90,	90,	90,	20,	90,	90,	90,	90,	90,	20,	90,	90,	90,	20,	20,	20,	20,	20,	20,	20,	20,	20,	20,	20,	20,	20,	20,	20,	20,	20,	20,	20,	20,	20,	20,	20,	20,	20,	20,	20,	20,	20,	20,	),
(	20,	20,	20,	20,	20,	90,	90,	20,	20,	90,	90,	90,	90,	90,	90,	90,	90,	90,	90,	20,	90,	90,	90,	90,	90,	20,	90,	90,	90,	20,	20,	20,	20,	20,	20,	20,	20,	20,	20,	20,	20,	20,	20,	20,	20,	20,	20,	20,	20,	20,	20,	20,	20,	20,	20,	20,	20,	20,	20,	),
(	20,	20,	20,	20,	20,	20,	200,	90,	20,	90,	90,	90,	90,	90,	90,	20,	90,	90,	20,	90,	90,	90,	90,	90,	90,	20,	90,	90,	90,	20,	20,	20,	20,	20,	20,	20,	20,	20,	20,	20,	20,	20,	20,	20,	20,	20,	20,	20,	20,	20,	20,	20,	20,	20,	20,	20,	20,	20,	20,	),
(	20,	20,	20,	20,	20,	20,	90,	90,	90,	90,	90,	90,	90,	90,	20,	90,	90,	90,	20,	90,	90,	90,	90,	90,	90,	20,	90,	90,	20,	20,	20,	20,	20,	20,	20,	20,	20,	20,	20,	20,	20,	20,	20,	20,	20,	20,	20,	20,	20,	20,	20,	20,	20,	20,	20,	20,	20,	20,	20,	),
(	20,	20,	20,	20,	20,	20,	200,	90,	90,	90,	90,	90,	90,	90,	20,	90,	200,	20,	20,	90,	90,	90,	90,	90,	90,	90,	20,	20,	20,	20,	20,	20,	20,	20,	20,	20,	20,	20,	20,	20,	20,	20,	20,	20,	20,	20,	20,	20,	20,	20,	20,	20,	20,	20,	20,	20,	20,	20,	20,	),
(	20,	20,	20,	20,	20,	20,	90,	90,	90,	90,	90,	90,	90,	90,	90,	90,	20,	90,	90,	90,	90,	90,	90,	90,	90,	90,	90,	90,	20,	20,	20,	20,	20,	20,	20,	20,	20,	20,	20,	20,	20,	20,	20,	20,	20,	20,	20,	20,	20,	20,	20,	20,	20,	20,	20,	20,	20,	20,	20,	),
(	20,	20,	20,	20,	20,	20,	90,	20,	90,	90,	90,	20,	90,	20,	90,	90,	20,	90,	90,	90,	90,	90,	90,	90,	90,	90,	90,	90,	20,	20,	20,	20,	20,	20,	20,	20,	20,	20,	20,	20,	20,	20,	20,	20,	20,	20,	20,	20,	20,	20,	20,	20,	20,	20,	20,	20,	20,	20,	20,	),
(	20,	20,	20,	20,	20,	20,	90,	20,	90,	20,	90,	20,	20,	90,	200,	20,	90,	90,	90,	90,	90,	90,	90,	90,	90,	90,	90,	90,	90,	20,	20,	20,	20,	20,	20,	20,	20,	20,	20,	20,	20,	20,	20,	20,	20,	20,	20,	20,	20,	20,	20,	20,	20,	20,	20,	20,	20,	20,	20,	),
(	20,	20,	20,	20,	20,	20,	90,	20,	90,	90,	20,	90,	90,	90,	90,	90,	90,	90,	90,	90,	90,	90,	90,	90,	90,	90,	90,	90,	20,	20,	20,	20,	20,	20,	20,	20,	20,	20,	20,	20,	20,	20,	20,	20,	20,	20,	20,	20,	20,	20,	20,	20,	20,	20,	20,	20,	20,	20,	20,	),
(	20,	20,	20,	20,	20,	90,	90,	20,	90,	90,	90,	90,	90,	90,	20,	90,	90,	90,	90,	90,	90,	90,	90,	90,	90,	90,	90,	20,	20,	20,	20,	20,	20,	20,	20,	20,	20,	20,	20,	20,	20,	20,	20,	20,	20,	20,	20,	20,	20,	20,	20,	20,	20,	20,	20,	20,	20,	20,	20,	),
(	20,	20,	20,	20,	20,	90,	90,	20,	90,	200,	20,	90,	90,	90,	20,	90,	90,	90,	90,	90,	90,	90,	90,	90,	90,	90,	20,	20,	20,	20,	20,	20,	20,	20,	20,	20,	20,	20,	20,	20,	20,	20,	20,	20,	20,	20,	20,	20,	20,	20,	20,	20,	20,	20,	20,	20,	20,	20,	20,	),
(	20,	20,	20,	20,	20,	20,	90,	20,	90,	90,	20,	90,	90,	90,	90,	90,	90,	90,	90,	90,	90,	90,	90,	90,	90,	20,	20,	20,	20,	20,	20,	20,	20,	20,	20,	20,	20,	20,	20,	20,	20,	20,	20,	20,	20,	20,	20,	20,	20,	20,	20,	20,	20,	20,	20,	20,	20,	20,	20,	),
(	20,	20,	20,	20,	20,	20,	90,	20,	20,	90,	20,	90,	200,	90,	90,	90,	90,	90,	90,	90,	90,	90,	90,	90,	90,	20,	20,	20,	20,	20,	20,	20,	20,	20,	20,	20,	20,	20,	20,	20,	20,	20,	20,	20,	20,	20,	20,	20,	20,	20,	20,	20,	20,	20,	20,	20,	20,	20,	20,	),
(	20,	20,	20,	20,	20,	20,	90,	20,	200,	20,	90,	90,	90,	90,	20,	90,	90,	90,	90,	90,	90,	90,	90,	90,	20,	20,	20,	20,	20,	20,	20,	20,	20,	20,	20,	20,	20,	20,	20,	20,	20,	20,	20,	20,	20,	20,	20,	20,	20,	20,	20,	20,	20,	20,	20,	20,	20,	20,	20,	),
(	20,	20,	20,	20,	20,	20,	90,	20,	20,	90,	20,	90,	90,	90,	20,	90,	90,	200,	90,	90,	90,	20,	90,	90,	90,	20,	20,	20,	20,	20,	20,	20,	20,	20,	20,	20,	20,	20,	20,	20,	20,	20,	20,	20,	20,	20,	20,	20,	20,	20,	20,	20,	20,	20,	20,	20,	20,	20,	20,	),
(	20,	20,	20,	20,	20,	20,	90,	20,	20,	90,	20,	90,	90,	90,	90,	90,	90,	90,	90,	20,	20,	20,	20,	90,	90,	20,	90,	90,	20,	20,	20,	20,	20,	20,	20,	20,	20,	20,	20,	20,	20,	20,	20,	20,	20,	20,	20,	20,	20,	20,	20,	20,	20,	20,	20,	20,	20,	20,	20,	),
(	20,	20,	20,	20,	20,	20,	20,	20,	20,	90,	20,	90,	20,	90,	20,	90,	90,	90,	20,	20,	20,	20,	20,	20,	20,	200,	20,	20,	200,	90,	90,	20,	20,	20,	20,	20,	20,	20,	20,	20,	20,	20,	20,	20,	20,	20,	20,	20,	20,	20,	20,	20,	20,	20,	20,	20,	20,	20,	20,	),
(	20,	20,	20,	20,	20,	20,	20,	20,	20,	500,	20,	90,	90,	500,	90,	90,	90,	90,	20,	20,	20,	20,	20,	20,	20,	20,	20,	20,	20,	20,	90,	90,	20,	20,	20,	20,	20,	20,	20,	20,	20,	20,	20,	20,	20,	20,	20,	20,	20,	20,	20,	20,	20,	20,	20,	20,	20,	20,	20,	),
(	20,	20,	20,	20,	20,	20,	20,	20,	20,	20,	90,	20,	90,	90,	20,	90,	90,	90,	20,	20,	20,	20,	20,	20,	20,	20,	20,	20,	20,	20,	20,	90,	500,	20,	20,	20,	20,	20,	20,	20,	20,	20,	20,	20,	20,	20,	20,	20,	20,	20,	20,	20,	20,	20,	20,	20,	20,	20,	20,	),
(	20,	20,	20,	20,	20,	20,	20,	20,	20,	90,	90,	20,	90,	90,	90,	20,	90,	20,	20,	20,	20,	20,	20,	20,	20,	20,	20,	20,	20,	20,	20,	90,	90,	20,	20,	20,	20,	20,	20,	20,	20,	20,	20,	20,	20,	20,	20,	20,	20,	20,	20,	20,	20,	20,	20,	20,	20,	20,	20,	),
(	20,	20,	20,	20,	20,	20,	20,	20,	90,	20,	500,	90,	20,	20,	20,	90,	500,	20,	20,	20,	20,	20,	20,	20,	20,	20,	20,	20,	20,	20,	20,	90,	90,	90,	20,	20,	20,	20,	20,	20,	20,	20,	20,	20,	20,	20,	20,	20,	20,	20,	20,	20,	20,	20,	20,	20,	20,	20,	20,	),
(	20,	20,	20,	20,	20,	20,	20,	20,	90,	90,	20,	90,	20,	90,	90,	20,	90,	20,	20,	20,	20,	20,	20,	20,	20,	20,	20,	20,	20,	20,	20,	90,	20,	90,	20,	20,	20,	20,	20,	20,	20,	20,	20,	20,	20,	20,	20,	20,	20,	20,	20,	20,	20,	20,	20,	20,	20,	20,	20,	),
(	20,	20,	20,	20,	20,	20,	20,	20,	20,	90,	90,	20,	90,	90,	90,	90,	90,	20,	20,	20,	20,	20,	20,	20,	20,	20,	20,	20,	20,	20,	20,	90,	90,	20,	20,	20,	20,	20,	20,	20,	20,	20,	20,	20,	20,	20,	20,	20,	20,	20,	20,	20,	20,	20,	20,	20,	20,	20,	20,	),
(	20,	20,	20,	20,	20,	20,	20,	20,	20,	20,	90,	90,	90,	20,	20,	90,	20,	20,	20,	20,	20,	20,	20,	20,	20,	20,	20,	20,	20,	20,	20,	20,	90,	20,	20,	20,	20,	20,	20,	20,	20,	20,	20,	20,	20,	20,	20,	20,	20,	20,	20,	20,	20,	20,	20,	20,	20,	20,	20,	),
(	20,	20,	20,	20,	20,	20,	20,	20,	20,	20,	90,	20,	90,	700,	20,	90,	20,	20,	20,	20,	20,	20,	20,	20,	20,	20,	20,	20,	20,	20,	20,	20,	20,	20,	20,	20,	20,	20,	20,	20,	20,	20,	20,	20,	20,	20,	20,	20,	20,	20,	20,	20,	20,	20,	20,	20,	20,	20,	20,	),
(	20,	20,	20,	20,	20,	20,	20,	20,	20,	20,	20,	90,	20,	90,	90,	90,	90,	90,	20,	20,	20,	20,	20,	200,	90,	90,	20,	20,	90,	90,	90,	20,	20,	20,	20,	20,	20,	20,	20,	20,	20,	20,	20,	20,	20,	20,	20,	20,	20,	20,	20,	20,	20,	20,	20,	20,	20,	20,	20,	),
(	20,	20,	20,	20,	20,	20,	20,	20,	20,	20,	20,	20,	90,	20,	90,	20,	90,	90,	200,	20,	20,	20,	90,	90,	90,	90,	20,	90,	20,	20,	700,	90,	90,	20,	20,	20,	20,	20,	20,	20,	20,	20,	20,	20,	20,	20,	20,	20,	20,	20,	20,	20,	20,	20,	20,	20,	20,	20,	20,	),
(	20,	20,	20,	20,	20,	20,	20,	20,	20,	20,	20,	20,	20,	90,	20,	90,	20,	90,	90,	20,	90,	90,	90,	90,	90,	90,	20,	20,	20,	20,	20,	20,	20,	90,	20,	20,	20,	20,	20,	20,	20,	20,	20,	20,	20,	20,	20,	20,	20,	20,	20,	20,	20,	20,	20,	20,	20,	20,	20,	),
(	20,	20,	20,	20,	20,	20,	20,	20,	20,	20,	20,	20,	20,	20,	90,	90,	90,	20,	90,	90,	90,	90,	90,	90,	90,	20,	20,	20,	20,	90,	20,	20,	20,	90,	500,	20,	20,	20,	20,	20,	20,	20,	20,	20,	20,	20,	20,	20,	20,	20,	20,	20,	20,	20,	20,	20,	20,	20,	20,	),
(	20,	20,	20,	20,	20,	20,	20,	20,	20,	20,	20,	20,	20,	20,	20,	20,	20,	90,	90,	90,	90,	90,	90,	90,	20,	20,	20,	20,	20,	20,	20,	20,	20,	20,	90,	90,	20,	20,	20,	20,	20,	20,	20,	20,	20,	20,	20,	20,	20,	20,	20,	20,	20,	20,	20,	20,	20,	20,	20,	),
(	20,	20,	20,	20,	20,	20,	20,	20,	20,	20,	20,	20,	20,	20,	20,	20,	20,	20,	90,	20,	20,	90,	90,	90,	20,	20,	20,	20,	20,	20,	20,	20,	20,	90,	90,	90,	20,	20,	20,	20,	20,	20,	20,	20,	20,	20,	20,	20,	20,	20,	20,	20,	20,	20,	20,	20,	20,	20,	20,	),
(	20,	20,	20,	20,	20,	20,	20,	20,	20,	20,	20,	20,	20,	20,	20,	20,	20,	20,	90,	90,	20,	20,	90,	20,	20,	20,	20,	20,	20,	20,	20,	20,	20,	20,	20,	20,	20,	20,	20,	20,	20,	20,	20,	20,	20,	20,	20,	20,	20,	20,	20,	20,	20,	20,	20,	20,	20,	20,	20,	),
(	20,	20,	20,	20,	20,	20,	20,	20,	20,	20,	20,	20,	20,	20,	20,	20,	20,	20,	20,	20,	90,	90,	90,	90,	90,	90,	20,	20,	20,	20,	20,	20,	20,	20,	20,	20,	20,	20,	20,	90,	90,	20,	20,	20,	20,	20,	20,	20,	20,	20,	20,	20,	20,	20,	20,	20,	20,	20,	20,	),
(	20,	20,	20,	20,	20,	20,	20,	20,	20,	20,	20,	20,	20,	20,	20,	20,	20,	20,	20,	20,	20,	90,	90,	20,	20,	20,	90,	20,	20,	20,	20,	20,	20,	20,	20,	20,	20,	20,	20,	20,	90,	90,	20,	20,	20,	20,	20,	20,	20,	20,	20,	20,	20,	20,	20,	20,	20,	20,	20,	),
(	20,	20,	20,	20,	20,	20,	20,	20,	20,	20,	20,	20,	20,	20,	20,	20,	20,	20,	20,	20,	20,	20,	90,	20,	90,	90,	20,	20,	20,	20,	20,	20,	20,	20,	20,	20,	20,	20,	20,	20,	700,	90,	20,	90,	20,	20,	20,	20,	20,	20,	20,	20,	20,	20,	20,	20,	20,	20,	20,	),
(	20,	20,	20,	20,	20,	20,	20,	20,	20,	20,	20,	20,	20,	20,	20,	20,	20,	20,	20,	20,	20,	20,	200,	90,	90,	20,	20,	20,	20,	20,	20,	20,	20,	20,	20,	20,	20,	20,	20,	20,	20,	20,	20,	20,	90,	20,	20,	20,	20,	20,	20,	20,	20,	20,	20,	20,	20,	20,	20,	),
(	20,	20,	20,	20,	20,	20,	20,	20,	20,	20,	20,	20,	20,	20,	20,	20,	20,	20,	20,	20,	20,	20,	90,	20,	90,	20,	20,	20,	20,	20,	20,	20,	20,	20,	20,	20,	20,	20,	20,	20,	20,	20,	20,	20,	20,	20,	20,	20,	20,	20,	20,	20,	20,	20,	20,	20,	20,	20,	20,	),
(	20,	20,	20,	20,	20,	20,	20,	20,	20,	20,	20,	20,	20,	20,	20,	20,	20,	20,	20,	20,	20,	20,	20,	90,	90,	20,	20,	20,	20,	20,	20,	20,	20,	20,	20,	20,	20,	20,	20,	20,	20,	20,	20,	20,	20,	20,	20,	20,	20,	20,	20,	20,	20,	20,	20,	20,	20,	20,	20,	),
(	20,	20,	20,	20,	20,	20,	20,	20,	20,	20,	20,	20,	20,	20,	20,	20,	20,	20,	20,	20,	20,	20,	20,	200,	90,	20,	20,	20,	20,	20,	20,	20,	20,	20,	20,	20,	20,	90,	20,	20,	20,	20,	20,	20,	20,	20,	20,	20,	20,	20,	20,	20,	20,	20,	20,	20,	20,	20,	20,	),
(	20,	20,	20,	20,	20,	20,	20,	20,	20,	20,	20,	20,	20,	20,	20,	20,	20,	20,	20,	20,	20,	20,	20,	20,	90,	90,	90,	200,	20,	20,	20,	20,	500,	20,	90,	90,	20,	20,	20,	20,	20,	20,	20,	20,	20,	20,	20,	20,	20,	20,	20,	20,	20,	20,	20,	20,	20,	20,	20,	),
(	20,	20,	20,	20,	20,	20,	20,	20,	20,	20,	20,	20,	20,	20,	20,	20,	20,	20,	20,	20,	20,	20,	20,	20,	20,	90,	90,	20,	90,	20,	20,	90,	90,	90,	90,	90,	20,	90,	20,	20,	20,	20,	20,	20,	20,	20,	20,	20,	20,	20,	20,	20,	20,	20,	20,	20,	20,	20,	20,	),
(	20,	20,	20,	20,	20,	20,	20,	20,	20,	20,	20,	20,	20,	20,	20,	20,	20,	20,	20,	20,	20,	20,	20,	20,	20,	20,	20,	20,	90,	90,	200,	90,	90,	20,	200,	20,	90,	20,	90,	700,	20,	20,	20,	20,	20,	20,	20,	20,	20,	20,	20,	20,	20,	20,	20,	20,	20,	20,	20,	),
(	20,	20,	20,	20,	20,	20,	20,	20,	20,	20,	20,	20,	20,	20,	20,	20,	20,	20,	20,	20,	20,	20,	20,	20,	20,	20,	20,	20,	20,	90,	90,	90,	90,	20,	90,	90,	20,	200,	20,	20,	90,	200,	20,	20,	20,	90,	20,	20,	20,	20,	20,	20,	20,	20,	20,	20,	20,	20,	20,	),
(	20,	20,	20,	20,	20,	20,	20,	20,	20,	20,	20,	20,	20,	20,	20,	20,	20,	20,	20,	20,	20,	20,	20,	20,	20,	20,	20,	20,	90,	20,	500,	20,	90,	90,	20,	20,	90,	90,	90,	90,	90,	90,	90,	90,	20,	20,	20,	20,	20,	20,	20,	20,	20,	20,	20,	20,	20,	20,	20,	),
(	20,	20,	20,	20,	20,	20,	20,	20,	20,	20,	20,	20,	20,	20,	20,	20,	20,	20,	20,	20,	20,	20,	20,	20,	20,	20,	20,	20,	90,	20,	90,	20,	90,	200,	20,	90,	90,	90,	90,	90,	200,	90,	90,	90,	90,	20,	20,	20,	20,	20,	20,	20,	20,	20,	20,	20,	20,	20,	20,	),
(	20,	20,	20,	20,	20,	20,	20,	20,	20,	20,	20,	20,	20,	20,	20,	20,	20,	20,	20,	20,	20,	20,	20,	20,	20,	20,	20,	200,	20,	90,	20,	90,	90,	20,	20,	90,	90,	20,	20,	20,	90,	90,	20,	90,	90,	90,	20,	20,	20,	20,	20,	20,	20,	20,	20,	20,	20,	20,	20,	),
(	20,	20,	20,	20,	20,	20,	20,	20,	20,	20,	20,	20,	20,	20,	20,	20,	20,	20,	20,	20,	20,	20,	20,	20,	20,	90,	90,	90,	20,	20,	90,	700,	20,	90,	90,	90,	90,	20,	90,	90,	90,	90,	90,	90,	90,	20,	20,	20,	20,	20,	20,	20,	20,	20,	20,	20,	20,	20,	20,	),
(	20,	20,	20,	20,	20,	20,	20,	20,	20,	20,	20,	20,	20,	20,	20,	20,	20,	20,	20,	20,	20,	20,	20,	90,	90,	90,	20,	20,	20,	90,	20,	20,	90,	90,	90,	90,	90,	90,	90,	90,	90,	20,	90,	90,	90,	20,	20,	20,	20,	20,	20,	20,	20,	20,	20,	20,	20,	20,	20,	),
(	20,	20,	20,	20,	20,	20,	20,	20,	20,	20,	20,	20,	90,	20,	20,	20,	20,	20,	20,	20,	20,	20,	90,	90,	90,	20,	500,	20,	90,	90,	90,	200,	90,	20,	90,	90,	90,	90,	20,	20,	20,	90,	20,	20,	90,	20,	20,	20,	20,	20,	20,	20,	20,	20,	20,	20,	20,	20,	20,	),
(	20,	20,	20,	20,	20,	20,	20,	20,	20,	20,	20,	20,	20,	90,	20,	20,	20,	20,	20,	20,	20,	20,	20,	500,	20,	90,	20,	90,	90,	90,	90,	90,	90,	20,	20,	20,	20,	90,	20,	20,	20,	20,	20,	90,	90,	20,	20,	20,	20,	20,	20,	20,	20,	20,	20,	20,	20,	20,	20,	),
(	20,	20,	20,	20,	20,	20,	20,	20,	20,	20,	20,	20,	20,	20,	20,	20,	20,	20,	20,	20,	20,	20,	90,	90,	20,	20,	90,	90,	90,	90,	90,	90,	20,	20,	20,	20,	20,	20,	20,	20,	20,	20,	20,	90,	90,	20,	20,	20,	20,	20,	20,	20,	20,	20,	20,	20,	20,	20,	20,	),
(	20,	20,	20,	20,	20,	20,	20,	20,	20,	20,	20,	20,	20,	20,	20,	20,	20,	20,	20,	20,	200,	90,	90,	20,	20,	90,	90,	200,	90,	90,	90,	90,	90,	20,	20,	20,	20,	20,	20,	20,	20,	20,	20,	20,	20,	20,	20,	20,	20,	20,	20,	20,	20,	20,	20,	20,	20,	20,	20,	),
(	20,	20,	20,	20,	20,	20,	20,	20,	20,	20,	20,	20,	20,	20,	20,	20,	20,	20,	20,	20,	200,	90,	20,	20,	90,	90,	90,	90,	20,	90,	90,	90,	20,	20,	20,	20,	20,	20,	20,	20,	20,	20,	20,	20,	20,	20,	20,	20,	20,	20,	20,	20,	20,	20,	20,	20,	20,	20,	20,	),
(	20,	20,	20,	20,	20,	20,	20,	20,	20,	20,	20,	20,	20,	20,	20,	20,	20,	20,	20,	20,	200,	20,	90,	200,	20,	90,	90,	90,	20,	20,	90,	20,	20,	20,	20,	20,	20,	20,	20,	20,	20,	20,	20,	20,	20,	20,	20,	20,	20,	20,	20,	20,	20,	20,	20,	20,	20,	20,	20,	),
(	20,	20,	20,	20,	20,	20,	20,	20,	20,	20,	20,	20,	20,	20,	20,	20,	20,	20,	20,	20,	90,	20,	90,	90,	20,	20,	90,	20,	20,	20,	20,	20,	20,	20,	20,	20,	20,	20,	20,	20,	20,	20,	20,	20,	20,	20,	20,	20,	20,	20,	20,	20,	20,	20,	20,	20,	20,	20,	20,	),
(	20,	20,	20,	20,	20,	20,	20,	20,	20,	20,	20,	20,	20,	20,	20,	20,	20,	20,	20,	20,	90,	90,	20,	90,	90,	20,	90,	20,	20,	20,	20,	20,	20,	20,	20,	20,	20,	20,	20,	20,	20,	20,	20,	20,	20,	20,	20,	20,	20,	20,	20,	20,	20,	20,	20,	20,	20,	20,	20,	),
(	20,	20,	20,	20,	20,	20,	20,	20,	20,	20,	20,	20,	20,	20,	20,	20,	20,	20,	20,	20,	500,	90,	20,	90,	90,	20,	200,	20,	20,	20,	20,	20,	20,	20,	20,	20,	20,	20,	20,	20,	20,	20,	20,	20,	20,	20,	20,	20,	20,	20,	20,	20,	20,	20,	20,	20,	20,	20,	20,	),
(	20,	20,	20,	20,	20,	20,	20,	20,	20,	20,	20,	20,	20,	20,	20,	20,	20,	20,	20,	20,	90,	90,	20,	90,	90,	20,	20,	90,	20,	20,	20,	20,	20,	20,	20,	20,	20,	20,	20,	20,	20,	20,	20,	20,	20,	20,	20,	20,	20,	20,	20,	20,	20,	20,	20,	20,	20,	20,	20,	),
(	20,	20,	20,	20,	20,	20,	20,	20,	20,	20,	20,	20,	20,	20,	20,	20,	20,	20,	20,	20,	90,	20,	90,	90,	90,	90,	20,	20,	90,	20,	20,	20,	20,	20,	20,	20,	20,	20,	20,	20,	20,	20,	20,	20,	20,	20,	20,	20,	20,	20,	20,	20,	20,	20,	20,	20,	20,	20,	20,	),
(	20,	20,	20,	20,	20,	20,	20,	20,	20,	20,	20,	20,	20,	20,	20,	20,	20,	20,	20,	20,	20,	90,	20,	90,	200,	90,	90,	20,	90,	90,	90,	20,	20,	20,	20,	20,	20,	20,	20,	20,	20,	20,	20,	20,	20,	20,	20,	20,	20,	20,	20,	20,	20,	20,	20,	20,	20,	20,	20,	),
(	20,	20,	20,	20,	20,	20,	20,	20,	20,	20,	20,	20,	20,	20,	20,	20,	20,	20,	20,	20,	20,	20,	200,	20,	90,	90,	90,	20,	90,	90,	90,	90,	20,	20,	20,	20,	20,	20,	20,	20,	20,	20,	20,	20,	20,	20,	20,	20,	20,	20,	20,	20,	20,	20,	20,	20,	20,	20,	20,	),
(	20,	20,	20,	20,	20,	20,	20,	20,	20,	20,	20,	20,	20,	20,	20,	20,	20,	20,	20,	20,	20,	20,	20,	90,	20,	20,	20,	90,	20,	90,	90,	90,	20,	20,	20,	20,	20,	20,	20,	20,	20,	20,	20,	20,	20,	20,	20,	20,	20,	20,	20,	20,	20,	20,	20,	20,	20,	20,	20,	),
(	20,	20,	20,	20,	20,	20,	20,	20,	20,	20,	20,	20,	20,	20,	20,	20,	20,	20,	20,	20,	20,	20,	20,	20,	90,	20,	20,	90,	20,	90,	90,	90,	90,	20,	20,	20,	20,	20,	20,	20,	20,	20,	20,	20,	20,	20,	20,	20,	20,	20,	20,	20,	20,	20,	20,	20,	20,	20,	20,	),
(	20,	20,	20,	20,	20,	20,	20,	20,	20,	20,	20,	20,	20,	20,	20,	20,	20,	20,	20,	20,	20,	20,	20,	90,	20,	90,	500,	90,	20,	90,	200,	90,	90,	20,	20,	20,	20,	20,	20,	20,	20,	20,	20,	20,	20,	20,	20,	20,	20,	20,	20,	20,	20,	20,	20,	20,	20,	20,	20,	),
(	20,	20,	20,	20,	20,	20,	20,	20,	20,	20,	20,	20,	20,	20,	20,	20,	20,	20,	20,	20,	20,	20,	20,	200,	20,	90,	90,	90,	200,	20,	90,	90,	90,	20,	20,	20,	20,	20,	20,	20,	20,	20,	20,	20,	20,	20,	20,	20,	20,	20,	20,	20,	20,	20,	20,	20,	20,	20,	20,	),
(	20,	20,	20,	20,	20,	20,	20,	20,	20,	20,	20,	20,	20,	20,	20,	20,	20,	20,	20,	20,	20,	20,	20,	20,	90,	20,	90,	90,	20,	20,	90,	90,	90,	20,	20,	20,	20,	20,	20,	20,	20,	20,	20,	20,	20,	20,	20,	20,	20,	20,	20,	20,	20,	20,	20,	20,	20,	20,	20,	),
(	20,	20,	20,	20,	20,	20,	20,	20,	20,	20,	20,	20,	20,	20,	20,	20,	20,	20,	20,	20,	20,	200,	20,	90,	90,	20,	500,	90,	20,	90,	90,	90,	90,	20,	20,	20,	20,	20,	20,	20,	20,	20,	20,	20,	20,	20,	20,	20,	20,	20,	20,	20,	20,	20,	20,	20,	20,	20,	20,	),
(	20,	20,	20,	20,	20,	20,	20,	20,	20,	20,	20,	20,	20,	20,	20,	20,	20,	20,	20,	20,	90,	20,	20,	90,	90,	90,	20,	20,	90,	90,	90,	90,	20,	20,	20,	20,	20,	20,	20,	20,	20,	20,	20,	20,	20,	20,	20,	20,	20,	20,	20,	20,	20,	20,	20,	20,	20,	20,	20,	),
(	20,	20,	20,	20,	20,	20,	20,	20,	20,	20,	20,	20,	20,	20,	20,	20,	20,	20,	20,	90,	20,	90,	90,	90,	20,	20,	20,	90,	90,	90,	90,	20,	20,	20,	20,	20,	20,	20,	20,	20,	20,	20,	20,	20,	20,	20,	20,	20,	20,	20,	20,	20,	20,	20,	20,	20,	20,	20,	20,	),
(	20,	20,	20,	20,	20,	20,	20,	20,	20,	20,	20,	20,	20,	20,	20,	20,	20,	20,	90,	200,	20,	90,	20,	20,	90,	200,	90,	90,	90,	90,	90,	90,	20,	20,	20,	20,	20,	20,	20,	20,	20,	20,	20,	20,	20,	20,	20,	20,	20,	20,	20,	20,	20,	20,	20,	20,	20,	20,	20,	),
(	20,	20,	20,	20,	20,	20,	20,	20,	20,	20,	20,	20,	20,	20,	20,	20,	20,	90,	20,	20,	90,	90,	20,	90,	90,	90,	90,	90,	90,	90,	90,	90,	90,	20,	20,	20,	20,	20,	20,	20,	20,	20,	20,	20,	20,	20,	20,	20,	20,	20,	20,	20,	20,	20,	20,	20,	20,	20,	20,	),
(	20,	20,	20,	20,	20,	20,	20,	20,	20,	20,	20,	20,	20,	20,	20,	20,	90,	20,	20,	90,	20,	20,	90,	90,	90,	90,	90,	90,	90,	90,	500,	90,	90,	20,	20,	20,	20,	20,	20,	20,	20,	20,	20,	20,	20,	20,	20,	20,	20,	20,	20,	20,	20,	20,	20,	20,	20,	20,	20,	),
(	20,	20,	20,	20,	20,	20,	20,	20,	20,	20,	20,	20,	20,	20,	20,	90,	20,	20,	90,	20,	90,	90,	90,	90,	90,	90,	90,	90,	90,	90,	90,	90,	90,	20,	20,	20,	20,	20,	20,	20,	20,	20,	20,	20,	20,	20,	20,	20,	20,	20,	20,	20,	20,	20,	20,	20,	20,	20,	20,	),
(	20,	20,	20,	20,	20,	20,	20,	20,	20,	20,	20,	20,	20,	20,	90,	20,	500,	20,	20,	90,	90,	20,	90,	90,	90,	90,	90,	90,	90,	90,	90,	90,	90,	20,	20,	20,	20,	20,	20,	20,	20,	20,	20,	20,	20,	20,	20,	20,	20,	20,	20,	20,	20,	20,	20,	20,	20,	20,	20,	),
(	20,	20,	20,	20,	20,	20,	20,	20,	20,	20,	20,	20,	20,	90,	20,	90,	20,	20,	90,	90,	200,	90,	90,	90,	200,	90,	90,	90,	90,	90,	90,	90,	20,	20,	20,	20,	20,	20,	20,	20,	20,	20,	20,	20,	20,	20,	20,	20,	20,	20,	20,	20,	20,	20,	20,	20,	20,	20,	20,	),
(	20,	20,	20,	20,	20,	20,	20,	20,	20,	20,	20,	90,	90,	90,	90,	20,	20,	90,	90,	90,	90,	90,	90,	90,	90,	90,	90,	90,	90,	90,	20,	20,	20,	20,	20,	20,	20,	20,	20,	20,	20,	20,	20,	20,	20,	20,	20,	20,	20,	20,	20,	20,	20,	20,	20,	20,	20,	20,	20,	),
(	20,	20,	20,	20,	20,	20,	20,	20,	20,	90,	90,	20,	90,	20,	20,	20,	90,	90,	90,	90,	90,	90,	90,	90,	90,	90,	90,	90,	90,	20,	20,	20,	20,	20,	20,	20,	20,	20,	20,	20,	20,	20,	20,	20,	20,	20,	20,	20,	20,	20,	20,	20,	20,	20,	20,	20,	20,	20,	20,	),
(	20,	20,	20,	20,	20,	20,	20,	20,	90,	20,	200,	20,	20,	20,	90,	90,	90,	90,	90,	90,	90,	90,	90,	90,	90,	90,	90,	90,	90,	90,	20,	20,	20,	20,	20,	20,	20,	20,	20,	20,	20,	20,	20,	20,	20,	20,	20,	20,	20,	20,	20,	20,	20,	20,	20,	20,	20,	20,	20,	),
(	20,	20,	20,	20,	20,	20,	20,	20,	20,	90,	20,	20,	90,	90,	90,	90,	90,	90,	90,	90,	90,	90,	90,	700,	20,	90,	90,	90,	90,	20,	20,	20,	20,	20,	20,	20,	20,	20,	20,	20,	20,	20,	20,	20,	20,	20,	20,	20,	20,	20,	20,	20,	20,	20,	20,	20,	20,	20,	20,	),
(	20,	20,	20,	20,	20,	20,	90,	20,	90,	20,	20,	90,	20,	90,	90,	90,	90,	90,	90,	90,	90,	90,	90,	90,	20,	20,	500,	90,	90,	90,	20,	20,	20,	20,	20,	20,	20,	20,	20,	20,	20,	20,	20,	20,	20,	20,	20,	20,	20,	20,	20,	20,	20,	20,	20,	20,	20,	20,	20,	),
(	20,	20,	20,	20,	20,	90,	20,	90,	20,	90,	90,	90,	90,	90,	90,	90,	90,	90,	20,	90,	90,	90,	90,	90,	20,	20,	20,	90,	90,	20,	20,	20,	20,	20,	20,	20,	20,	20,	20,	20,	20,	20,	20,	20,	20,	20,	20,	20,	20,	20,	20,	20,	20,	20,	20,	20,	20,	20,	20,	),
(	20,	20,	20,	20,	90,	90,	20,	20,	20,	20,	90,	90,	90,	90,	20,	20,	200,	20,	20,	20,	20,	200,	90,	20,	20,	20,	20,	20,	20,	20,	20,	20,	20,	20,	20,	20,	20,	20,	20,	20,	20,	20,	20,	20,	20,	20,	20,	20,	20,	20,	20,	20,	20,	20,	20,	20,	20,	20,	20,	),
(	20,	20,	20,	90,	20,	20,	20,	20,	90,	200,	90,	90,	90,	20,	90,	20,	20,	20,	20,	20,	20,	20,	20,	20,	20,	20,	20,	20,	20,	20,	20,	20,	20,	20,	20,	20,	20,	20,	20,	20,	20,	20,	20,	20,	20,	20,	20,	20,	20,	20,	20,	20,	20,	20,	20,	20,	20,	20,	20,	),
(	20,	20,	90,	20,	20,	90,	90,	90,	90,	20,	20,	20,	20,	20,	20,	20,	20,	20,	20,	20,	20,	20,	20,	20,	20,	20,	20,	20,	20,	20,	20,	20,	20,	20,	20,	20,	20,	20,	20,	20,	20,	20,	20,	20,	20,	20,	20,	20,	20,	20,	20,	20,	20,	20,	20,	20,	20,	20,	20,	),
(	20,	90,	20,	90,	90,	90,	90,	90,	90,	90,	20,	20,	20,	20,	20,	20,	20,	20,	20,	20,	20,	20,	20,	20,	20,	20,	20,	20,	20,	20,	20,	20,	20,	20,	20,	20,	20,	20,	20,	20,	20,	20,	20,	20,	20,	20,	20,	20,	20,	20,	20,	20,	20,	20,	20,	20,	20,	20,	20,	),
(	20,	90,	20,	20,	90,	90,	20,	20,	20,	20,	20,	20,	20,	20,	20,	20,	20,	20,	20,	20,	20,	20,	20,	20,	20,	20,	20,	20,	20,	20,	20,	20,	20,	20,	20,	20,	20,	20,	20,	20,	20,	20,	20,	20,	20,	20,	20,	20,	20,	20,	20,	20,	20,	20,	20,	20,	20,	20,	20,	),
(	20,	20,	90,	20,	20,	20,	20,	20,	20,	20,	20,	20,	20,	20,	20,	20,	20,	20,	20,	20,	20,	20,	20,	20,	20,	20,	20,	20,	20,	20,	20,	20,	20,	20,	20,	20,	20,	20,	20,	20,	20,	20,	20,	20,	20,	20,	20,	20,	20,	20,	20,	20,	20,	20,	20,	20,	20,	20,	20,	),
(	20,	20,	90,	90,	90,	20,	20,	20,	20,	20,	90,	20,	90,	20,	20,	20,	20,	20,	20,	20,	20,	20,	20,	20,	20,	20,	20,	20,	20,	20,	20,	20,	20,	20,	20,	20,	20,	20,	20,	20,	20,	20,	20,	20,	20,	20,	20,	20,	20,	20,	20,	20,	20,	20,	20,	20,	20,	20,	20,	),
(	20,	20,	20,	20,	20,	20,	20,	20,	20,	20,	20,	20,	20,	20,	20,	20,	20,	20,	20,	20,	20,	20,	20,	20,	20,	20,	20,	20,	20,	20,	20,	20,	20,	20,	20,	20,	20,	20,	20,	20,	20,	20,	20,	20,	20,	20,	20,	20,	20,	20,	20,	20,	20,	20,	20,	20,	20,	20,	20,	)),