((	20,	20,	20,	20,	20,	20,	20,	20,	20,	20,	20,	20,	20,	20,	20,	20,	20,	20,	20,	20,	20,	20,	20,	20,	20,	20,	20,	20,	20,	20,	20,	20,	20,	20,	20,	20,	20,	20,	20,	20,	20,	20,	20,	20,	20,	20,	20,	20,	20,	20,	20,	20,	20,	20,	20,	20,	20,	20,	20,	),
(	20,	20,	20,	20,	20,	20,	20,	20,	20,	20,	20,	20,	20,	20,	20,	20,	20,	20,	20,	20,	20,	20,	20,	20,	20,	20,	20,	20,	20,	20,	20,	20,	20,	20,	20,	20,	20,	20,	20,	20,	20,	20,	20,	20,	20,	20,	20,	20,	20,	20,	20,	20,	20,	20,	20,	20,	20,	20,	20,	),
(	20,	20,	20,	20,	20,	20,	20,	20,	20,	20,	20,	20,	20,	20,	20,	20,	20,	20,	20,	20,	20,	20,	20,	20,	20,	20,	20,	20,	20,	20,	20,	20,	20,	20,	20,	20,	20,	20,	20,	20,	20,	20,	20,	20,	20,	20,	20,	20,	20,	20,	20,	20,	20,	20,	20,	20,	20,	20,	20,	),
(	20,	20,	20,	20,	20,	20,	20,	20,	20,	20,	20,	20,	20,	20,	20,	20,	20,	20,	20,	20,	20,	20,	20,	20,	20,	20,	20,	20,	20,	20,	20,	20,	20,	20,	20,	20,	20,	20,	20,	20,	20,	20,	20,	20,	20,	20,	20,	20,	20,	20,	20,	20,	20,	20,	20,	20,	20,	20,	20,	),
(	20,	20,	20,	20,	20,	20,	20,	20,	20,	20,	20,	20,	20,	20,	20,	20,	20,	20,	20,	20,	20,	20,	20,	20,	20,	20,	20,	20,	20,	20,	20,	20,	20,	20,	20,	20,	20,	20,	20,	20,	20,	20,	20,	20,	20,	20,	20,	20,	20,	20,	20,	20,	20,	20,	20,	20,	20,	20,	20,	),
(	20,	20,	20,	20,	20,	20,	20,	20,	20,	20,	20,	20,	20,	20,	20,	20,	20,	20,	20,	20,	20,	20,	20,	20,	20,	20,	20,	20,	20,	20,	20,	20,	20,	20,	20,	20,	20,	20,	20,	20,	20,	20,	20,	20,	20,	20,	20,	20,	20,	20,	20,	20,	20,	20,	20,	20,	20,	20,	20,	),
(	20,	20,	20,	20,	20,	20,	20,	20,	20,	20,	20,	20,	20,	20,	20,	20,	20,	20,	20,	20,	20,	20,	20,	20,	20,	20,	20,	20,	20,	20,	20,	20,	20,	20,	20,	20,	20,	20,	20,	20,	20,	20,	20,	20,	20,	20,	20,	20,	20,	20,	20,	20,	20,	20,	20,	20,	20,	20,	20,	),
(	20,	20,	20,	20,	20,	20,	20,	20,	20,	20,	20,	20,	20,	20,	20,	20,	20,	20,	20,	20,	20,	20,	20,	20,	20,	20,	20,	20,	20,	20,	20,	20,	20,	20,	20,	20,	20,	20,	20,	20,	20,	20,	20,	20,	20,	20,	20,	20,	20,	20,	20,	20,	20,	20,	20,	20,	20,	20,	20,	),
(	20,	20,	20,	20,	20,	20,	20,	20,	20,	20,	20,	20,	20,	20,	20,	20,	20,	20,	20,	20,	20,	20,	20,	20,	20,	20,	20,	20,	20,	20,	20,	20,	20,	20,	20,	20,	20,	20,	20,	20,	20,	20,	20,	20,	20,	20,	20,	20,	20,	20,	20,	20,	20,	20,	20,	20,	20,	20,	20,	),
(	20,	20,	20,	20,	20,	20,	20,	20,	20,	20,	20,	20,	20,	20,	20,	20,	20,	20,	20,	20,	20,	20,	20,	20,	20,	20,	20,	20,	20,	20,	20,	20,	20,	20,	20,	20,	20,	20,	20,	20,	20,	20,	20,	20,	20,	20,	20,	20,	20,	20,	20,	20,	20,	20,	20,	20,	20,	20,	20,	),
(	20,	20,	20,	20,	20,	20,	20,	20,	20,	20,	20,	20,	20,	20,	20,	20,	20,	20,	20,	20,	20,	20,	20,	20,	20,	20,	20,	20,	20,	20,	20,	20,	20,	20,	20,	20,	20,	20,	20,	20,	20,	20,	20,	20,	20,	20,	20,	20,	20,	20,	20,	20,	20,	20,	20,	20,	20,	20,	20,	),
(	20,	20,	20,	20,	20,	20,	20,	20,	20,	20,	20,	20,	20,	20,	20,	20,	20,	20,	20,	20,	20,	20,	20,	20,	20,	20,	20,	20,	20,	20,	20,	20,	20,	20,	20,	20,	20,	20,	20,	20,	20,	20,	20,	20,	20,	20,	20,	20,	20,	20,	20,	20,	20,	20,	20,	20,	20,	20,	20,	),
(	20,	20,	20,	20,	20,	20,	20,	20,	20,	20,	20,	20,	20,	20,	20,	20,	20,	20,	20,	20,	20,	20,	20,	20,	20,	20,	20,	20,	20,	20,	20,	20,	20,	20,	20,	20,	20,	20,	20,	20,	20,	20,	20,	20,	20,	20,	20,	20,	20,	20,	20,	20,	20,	20,	20,	20,	20,	20,	20,	),
(	20,	20,	20,	20,	20,	20,	20,	20,	20,	20,	20,	20,	20,	20,	20,	20,	20,	20,	20,	20,	20,	20,	20,	20,	20,	20,	20,	20,	20,	20,	20,	20,	20,	20,	20,	20,	20,	20,	20,	20,	20,	20,	20,	20,	20,	20,	20,	20,	20,	20,	20,	20,	20,	20,	20,	20,	20,	20,	20,	),
(	20,	20,	20,	20,	20,	20,	20,	20,	20,	20,	20,	20,	20,	20,	20,	20,	20,	20,	20,	20,	20,	20,	20,	20,	20,	20,	20,	20,	20,	20,	20,	20,	20,	20,	20,	20,	20,	20,	20,	20,	20,	20,	20,	20,	20,	20,	20,	20,	20,	20,	20,	20,	20,	20,	20,	20,	20,	20,	20,	),
(	20,	20,	20,	20,	20,	20,	20,	20,	20,	20,	20,	20,	20,	20,	20,	20,	20,	20,	20,	20,	20,	20,	20,	20,	20,	20,	20,	20,	20,	20,	20,	20,	20,	20,	20,	20,	20,	20,	20,	20,	20,	20,	20,	20,	20,	20,	20,	20,	20,	20,	20,	20,	20,	20,	20,	20,	20,	20,	20,	),
(	20,	20,	20,	20,	20,	20,	20,	20,	20,	20,	20,	20,	20,	20,	20,	20,	20,	20,	20,	20,	20,	20,	20,	20,	20,	20,	20,	20,	20,	20,	20,	20,	20,	20,	20,	20,	20,	20,	20,	20,	20,	20,	20,	20,	20,	20,	20,	20,	20,	20,	20,	20,	20,	20,	20,	20,	20,	20,	20,	),
(	20,	20,	20,	20,	20,	20,	20,	20,	20,	20,	20,	20,	20,	20,	20,	20,	20,	20,	20,	20,	20,	20,	20,	20,	20,	20,	20,	20,	20,	20,	20,	20,	20,	20,	20,	20,	20,	20,	20,	20,	20,	20,	20,	20,	20,	20,	20,	20,	20,	20,	20,	20,	20,	20,	20,	20,	20,	20,	20,	),
(	20,	20,	20,	20,	20,	20,	20,	20,	20,	20,	20,	20,	20,	20,	20,	20,	20,	20,	20,	20,	20,	20,	20,	20,	20,	20,	20,	20,	20,	20,	20,	20,	20,	20,	20,	20,	20,	20,	20,	20,	20,	20,	20,	20,	20,	20,	20,	20,	20,	20,	20,	20,	20,	20,	20,	20,	20,	20,	20,	),
(	20,	20,	20,	20,	20,	20,	20,	20,	20,	20,	20,	20,	20,	20,	20,	20,	20,	20,	20,	20,	20,	20,	20,	20,	20,	20,	20,	20,	20,	20,	20,	20,	20,	20,	20,	20,	20,	20,	20,	20,	20,	20,	20,	20,	20,	20,	20,	20,	20,	20,	20,	20,	20,	20,	20,	20,	20,	20,	20,	),
(	20,	20,	20,	20,	20,	20,	20,	20,	20,	20,	20,	20,	20,	20,	20,	20,	20,	20,	20,	20,	20,	20,	20,	20,	20,	20,	20,	20,	20,	20,	20,	20,	20,	20,	20,	20,	20,	20,	20,	20,	20,	20,	20,	20,	20,	20,	20,	20,	20,	20,	20,	20,	20,	20,	20,	20,	20,	20,	20,	),
(	20,	20,	20,	20,	20,	20,	20,	20,	20,	20,	20,	20,	20,	20,	20,	20,	20,	20,	20,	20,	20,	20,	20,	20,	20,	20,	20,	20,	20,	20,	20,	20,	20,	20,	20,	20,	20,	20,	20,	20,	20,	20,	20,	20,	20,	20,	20,	20,	20,	20,	20,	20,	20,	20,	20,	20,	20,	20,	20,	),
(	20,	20,	20,	20,	20,	20,	20,	20,	20,	20,	20,	20,	20,	20,	20,	20,	20,	20,	20,	20,	20,	20,	20,	20,	20,	20,	20,	20,	20,	20,	20,	20,	20,	20,	20,	20,	20,	20,	20,	20,	20,	20,	20,	20,	20,	20,	20,	20,	20,	20,	20,	20,	20,	20,	20,	20,	20,	20,	20,	),
(	20,	20,	20,	20,	20,	20,	20,	20,	20,	20,	20,	20,	20,	20,	20,	20,	20,	20,	20,	20,	20,	20,	20,	20,	20,	20,	20,	20,	20,	20,	20,	20,	20,	20,	20,	20,	20,	20,	20,	20,	20,	20,	20,	20,	20,	20,	20,	20,	20,	20,	20,	20,	20,	20,	20,	20,	20,	20,	20,	),
(	20,	20,	20,	20,	20,	20,	20,	20,	20,	20,	20,	20,	20,	20,	20,	20,	20,	20,	20,	20,	20,	20,	20,	20,	20,	20,	20,	20,	20,	20,	20,	20,	20,	20,	20,	20,	20,	20,	20,	20,	20,	20,	20,	20,	20,	20,	20,	20,	20,	20,	20,	20,	20,	20,	20,	20,	20,	20,	20,	),
(	20,	20,	20,	20,	20,	20,	20,	20,	20,	20,	20,	20,	20,	20,	20,	20,	20,	20,	20,	20,	20,	20,	20,	20,	20,	20,	20,	20,	20,	20,	20,	20,	20,	20,	20,	20,	20,	20,	20,	20,	20,	20,	20,	20,	20,	20,	20,	20,	20,	20,	20,	20,	20,	20,	20,	20,	20,	20,	20,	),
(	20,	20,	20,	20,	20,	20,	20,	20,	20,	20,	20,	20,	20,	20,	20,	20,	20,	20,	20,	20,	20,	20,	20,	20,	20,	20,	20,	20,	20,	20,	20,	20,	20,	20,	20,	20,	20,	20,	20,	20,	20,	20,	20,	20,	20,	20,	20,	20,	20,	20,	20,	20,	20,	20,	20,	20,	20,	20,	20,	),
(	20,	20,	20,	20,	20,	20,	20,	20,	20,	20,	20,	20,	20,	20,	20,	20,	20,	20,	20,	20,	20,	20,	20,	20,	20,	20,	20,	20,	20,	20,	20,	20,	20,	20,	20,	20,	20,	20,	20,	20,	20,	20,	20,	20,	20,	20,	20,	20,	20,	20,	20,	20,	20,	20,	20,	20,	20,	20,	20,	),
(	20,	20,	20,	20,	20,	20,	20,	20,	20,	20,	20,	20,	20,	20,	20,	20,	20,	20,	20,	20,	20,	20,	20,	20,	20,	20,	20,	20,	20,	20,	20,	20,	20,	20,	20,	20,	20,	20,	20,	20,	20,	20,	20,	20,	20,	20,	20,	20,	20,	20,	20,	20,	20,	20,	20,	20,	20,	20,	20,	),
(	20,	20,	20,	20,	20,	20,	20,	20,	20,	20,	20,	20,	20,	20,	20,	20,	20,	20,	20,	20,	20,	20,	20,	20,	20,	20,	20,	20,	20,	20,	20,	20,	20,	20,	20,	20,	20,	20,	20,	20,	20,	20,	20,	20,	20,	20,	20,	20,	20,	20,	20,	20,	20,	20,	20,	20,	20,	20,	20,	),
(	20,	20,	20,	20,	20,	20,	20,	20,	20,	20,	20,	20,	20,	20,	20,	20,	20,	20,	20,	20,	20,	20,	20,	20,	20,	20,	20,	20,	20,	20,	20,	20,	20,	20,	20,	20,	20,	20,	20,	20,	20,	20,	20,	20,	20,	20,	20,	20,	20,	20,	20,	20,	20,	20,	20,	20,	20,	20,	20,	),
(	20,	20,	20,	20,	20,	20,	20,	20,	20,	20,	20,	20,	20,	20,	20,	20,	20,	20,	20,	20,	20,	20,	20,	20,	20,	20,	20,	20,	20,	20,	20,	20,	20,	20,	20,	20,	20,	20,	20,	20,	20,	20,	20,	20,	20,	20,	20,	20,	20,	20,	20,	20,	20,	20,	20,	20,	20,	20,	20,	),
(	20,	20,	20,	20,	20,	20,	20,	20,	20,	20,	20,	20,	20,	20,	20,	20,	20,	20,	20,	20,	20,	20,	20,	20,	20,	20,	20,	20,	20,	20,	20,	20,	20,	20,	20,	20,	20,	20,	20,	20,	20,	20,	20,	20,	20,	20,	20,	20,	20,	20,	20,	20,	20,	20,	20,	20,	20,	20,	20,	),
(	20,	20,	20,	20,	20,	20,	20,	20,	20,	20,	20,	20,	20,	20,	20,	20,	20,	20,	20,	20,	20,	20,	20,	20,	20,	20,	20,	20,	20,	20,	20,	20,	20,	20,	20,	20,	20,	20,	20,	20,	20,	20,	20,	20,	20,	20,	20,	20,	20,	20,	20,	20,	20,	20,	20,	20,	20,	20,	20,	),
(	20,	20,	20,	20,	20,	20,	20,	20,	20,	20,	20,	20,	20,	20,	20,	20,	20,	20,	20,	20,	20,	20,	20,	20,	20,	20,	20,	20,	20,	20,	20,	20,	20,	20,	20,	20,	20,	20,	20,	20,	20,	20,	20,	20,	20,	20,	20,	20,	20,	20,	20,	20,	20,	20,	20,	20,	20,	20,	20,	),
(	20,	20,	20,	20,	20,	20,	20,	20,	20,	20,	20,	20,	20,	20,	20,	20,	20,	20,	20,	20,	20,	20,	20,	20,	20,	20,	20,	20,	20,	20,	20,	20,	20,	20,	20,	20,	20,	20,	20,	20,	20,	20,	20,	20,	20,	20,	20,	20,	20,	20,	20,	20,	20,	20,	20,	20,	20,	20,	20,	),
(	20,	20,	20,	20,	20,	20,	20,	20,	20,	20,	20,	20,	20,	20,	20,	20,	20,	20,	20,	20,	20,	20,	20,	20,	20,	20,	20,	20,	20,	20,	20,	20,	20,	20,	20,	20,	20,	20,	20,	20,	20,	20,	20,	20,	20,	20,	20,	20,	20,	20,	20,	20,	20,	20,	20,	20,	20,	20,	20,	),
(	20,	20,	20,	20,	20,	20,	20,	20,	20,	20,	20,	20,	20,	20,	20,	20,	20,	20,	20,	20,	20,	20,	20,	20,	20,	20,	20,	20,	20,	20,	20,	20,	20,	20,	20,	20,	20,	20,	20,	20,	20,	20,	20,	20,	20,	20,	20,	20,	20,	20,	20,	20,	20,	20,	20,	20,	20,	20,	20,	),
(	20,	20,	20,	20,	20,	20,	20,	20,	20,	20,	20,	20,	20,	20,	20,	20,	20,	20,	20,	20,	20,	20,	20,	20,	20,	20,	20,	20,	20,	20,	20,	20,	20,	20,	20,	20,	20,	20,	20,	20,	20,	20,	20,	20,	20,	20,	20,	20,	20,	20,	20,	20,	20,	20,	20,	20,	20,	20,	20,	),
(	20,	20,	20,	20,	20,	20,	20,	20,	20,	20,	20,	20,	20,	20,	20,	20,	20,	20,	20,	20,	20,	20,	20,	20,	20,	20,	20,	20,	20,	20,	20,	20,	20,	20,	20,	20,	20,	20,	20,	20,	20,	20,	20,	20,	20,	20,	20,	20,	20,	20,	20,	20,	20,	20,	20,	20,	20,	20,	20,	),
(	20,	20,	20,	20,	20,	20,	20,	20,	20,	20,	20,	20,	20,	20,	20,	20,	20,	20,	20,	20,	20,	20,	20,	20,	20,	20,	20,	20,	20,	20,	20,	20,	20,	20,	20,	20,	20,	20,	20,	20,	20,	20,	20,	20,	20,	20,	20,	20,	20,	20,	20,	20,	20,	20,	20,	20,	20,	20,	20,	),
(	20,	20,	20,	20,	20,	20,	20,	20,	20,	20,	20,	20,	20,	20,	20,	20,	20,	20,	20,	20,	20,	20,	20,	20,	20,	20,	20,	20,	20,	20,	20,	20,	20,	20,	20,	20,	20,	20,	20,	20,	20,	20,	20,	20,	20,	20,	20,	20,	20,	20,	20,	20,	20,	20,	20,	20,	20,	20,	20,	),
(	20,	20,	20,	20,	20,	20,	20,	20,	20,	20,	20,	20,	20,	20,	20,	20,	20,	20,	20,	20,	20,	20,	20,	20,	20,	20,	20,	20,	20,	20,	20,	20,	20,	20,	20,	20,	20,	20,	20,	20,	20,	20,	20,	20,	20,	20,	20,	20,	20,	20,	20,	20,	20,	20,	20,	20,	20,	20,	20,	),
(	20,	20,	20,	20,	20,	20,	20,	20,	20,	20,	20,	20,	20,	20,	20,	20,	20,	20,	20,	20,	20,	20,	20,	20,	20,	20,	20,	20,	20,	20,	20,	20,	20,	20,	20,	20,	20,	20,	20,	20,	20,	20,	20,	20,	20,	20,	20,	20,	20,	20,	20,	20,	20,	20,	20,	20,	20,	20,	20,	),
(	20,	20,	20,	20,	20,	20,	20,	20,	20,	20,	20,	20,	20,	20,	20,	20,	20,	20,	20,	20,	20,	20,	20,	20,	20,	20,	20,	20,	20,	20,	20,	20,	20,	20,	20,	20,	20,	20,	20,	20,	20,	20,	20,	20,	20,	20,	20,	20,	20,	20,	20,	20,	20,	20,	20,	20,	20,	20,	20,	),
(	20,	20,	20,	20,	20,	20,	20,	20,	20,	20,	20,	20,	20,	20,	20,	20,	20,	20,	20,	20,	20,	20,	20,	20,	20,	20,	20,	20,	20,	20,	20,	20,	20,	20,	20,	20,	20,	20,	20,	20,	20,	20,	20,	20,	20,	20,	20,	20,	20,	20,	20,	20,	20,	20,	20,	20,	20,	20,	20,	),
(	20,	20,	20,	20,	20,	20,	20,	20,	20,	20,	20,	20,	20,	20,	20,	20,	20,	20,	20,	20,	20,	20,	20,	20,	20,	20,	20,	20,	20,	20,	20,	20,	20,	20,	20,	20,	20,	20,	20,	20,	20,	20,	20,	20,	20,	20,	20,	20,	20,	20,	20,	20,	20,	20,	20,	20,	20,	20,	20,	),
(	20,	20,	20,	20,	20,	20,	20,	20,	20,	20,	20,	20,	20,	20,	20,	20,	20,	20,	20,	20,	20,	20,	20,	20,	20,	20,	20,	20,	20,	20,	20,	20,	20,	20,	20,	20,	20,	20,	20,	20,	20,	20,	20,	20,	20,	20,	20,	20,	20,	20,	20,	20,	20,	20,	20,	20,	20,	20,	20,	),
(	20,	20,	20,	20,	20,	20,	20,	20,	20,	20,	20,	20,	20,	20,	20,	20,	20,	20,	20,	20,	20,	20,	20,	20,	20,	20,	20,	20,	20,	20,	20,	20,	20,	20,	20,	20,	20,	20,	20,	20,	20,	20,	20,	20,	20,	20,	20,	20,	20,	20,	20,	20,	20,	20,	20,	20,	20,	20,	20,	),
(	20,	20,	20,	20,	20,	20,	20,	20,	20,	20,	20,	20,	20,	20,	20,	20,	20,	20,	20,	20,	20,	20,	20,	20,	20,	20,	20,	20,	20,	20,	20,	20,	20,	20,	20,	20,	20,	20,	20,	20,	20,	20,	20,	20,	20,	20,	20,	20,	20,	20,	20,	20,	20,	20,	20,	20,	20,	20,	20,	),
(	20,	20,	20,	20,	20,	20,	20,	20,	20,	20,	20,	20,	20,	20,	20,	20,	20,	20,	20,	20,	20,	20,	20,	20,	20,	20,	20,	20,	20,	20,	20,	20,	20,	20,	20,	20,	20,	20,	20,	20,	20,	20,	20,	20,	20,	20,	20,	20,	20,	20,	20,	20,	20,	20,	20,	20,	20,	20,	20,	),
(	20,	20,	20,	20,	20,	20,	20,	20,	20,	20,	20,	20,	20,	20,	20,	20,	20,	20,	20,	20,	20,	20,	20,	20,	20,	20,	20,	20,	20,	20,	20,	20,	20,	20,	20,	20,	20,	20,	20,	20,	20,	20,	20,	20,	20,	20,	20,	20,	20,	20,	20,	20,	20,	20,	20,	20,	20,	20,	20,	),
(	20,	20,	20,	20,	20,	20,	20,	20,	20,	20,	20,	20,	20,	20,	20,	20,	20,	20,	20,	20,	20,	20,	20,	20,	20,	20,	20,	20,	20,	20,	20,	20,	20,	20,	20,	20,	20,	20,	20,	20,	20,	20,	20,	20,	20,	20,	20,	20,	20,	20,	20,	20,	20,	20,	20,	20,	20,	20,	20,	),
(	20,	20,	20,	20,	20,	20,	20,	20,	20,	20,	20,	20,	20,	20,	20,	20,	20,	20,	20,	20,	20,	20,	20,	20,	20,	20,	20,	20,	20,	20,	20,	20,	20,	20,	20,	20,	20,	20,	20,	20,	20,	20,	20,	20,	20,	20,	20,	20,	20,	20,	20,	20,	20,	20,	20,	20,	20,	20,	20,	),
(	20,	20,	20,	20,	20,	20,	20,	20,	20,	20,	20,	20,	20,	20,	20,	20,	20,	20,	20,	20,	20,	20,	20,	20,	20,	20,	20,	20,	20,	20,	20,	20,	20,	20,	20,	20,	20,	20,	20,	20,	20,	20,	20,	20,	20,	20,	20,	20,	20,	20,	20,	20,	20,	20,	20,	20,	20,	20,	20,	),
(	20,	20,	20,	20,	20,	20,	20,	20,	20,	20,	20,	20,	20,	20,	20,	20,	20,	20,	20,	20,	20,	20,	20,	20,	20,	20,	20,	20,	20,	20,	20,	20,	20,	20,	20,	20,	20,	20,	20,	20,	20,	20,	20,	20,	20,	20,	20,	20,	20,	20,	20,	20,	20,	20,	20,	20,	20,	20,	20,	),
(	20,	20,	20,	20,	20,	20,	20,	20,	20,	20,	20,	20,	20,	20,	20,	20,	20,	20,	20,	20,	20,	20,	20,	20,	20,	20,	20,	20,	20,	20,	20,	20,	20,	20,	20,	20,	20,	20,	20,	20,	20,	20,	20,	20,	20,	20,	20,	20,	20,	20,	20,	20,	20,	20,	20,	20,	20,	20,	20,	),
(	20,	20,	20,	20,	20,	20,	20,	20,	20,	20,	20,	20,	20,	20,	20,	20,	20,	20,	20,	20,	20,	20,	20,	20,	20,	20,	20,	20,	20,	20,	20,	20,	20,	20,	20,	20,	20,	20,	20,	20,	20,	20,	20,	20,	20,	20,	20,	20,	20,	20,	20,	20,	20,	20,	20,	20,	20,	20,	20,	),
(	20,	20,	20,	20,	20,	20,	20,	20,	20,	20,	20,	20,	20,	20,	20,	20,	20,	20,	20,	20,	20,	20,	20,	20,	20,	20,	20,	20,	20,	20,	20,	20,	20,	20,	20,	20,	20,	20,	20,	20,	20,	20,	20,	20,	20,	20,	20,	20,	20,	20,	20,	20,	20,	20,	20,	20,	20,	20,	20,	),
(	20,	20,	20,	20,	20,	20,	20,	20,	20,	20,	20,	20,	20,	20,	20,	20,	20,	20,	20,	20,	20,	20,	20,	20,	20,	20,	20,	20,	20,	20,	20,	20,	20,	20,	20,	20,	20,	20,	20,	20,	20,	20,	20,	20,	20,	20,	20,	20,	20,	20,	20,	20,	20,	20,	20,	20,	20,	20,	20,	),
(	20,	20,	20,	20,	20,	20,	20,	20,	20,	20,	20,	20,	20,	20,	20,	20,	20,	20,	20,	20,	20,	20,	20,	20,	20,	20,	20,	20,	20,	20,	20,	20,	20,	20,	20,	20,	20,	20,	20,	20,	20,	20,	20,	20,	20,	20,	20,	20,	20,	20,	20,	20,	20,	20,	20,	20,	20,	20,	20,	),
(	20,	20,	20,	20,	20,	20,	20,	20,	20,	20,	20,	20,	20,	20,	20,	20,	20,	20,	20,	20,	20,	20,	20,	20,	20,	20,	20,	20,	20,	20,	20,	20,	20,	20,	20,	20,	20,	20,	20,	20,	20,	20,	20,	20,	20,	20,	20,	20,	20,	20,	20,	20,	20,	20,	20,	20,	20,	20,	20,	),
(	20,	20,	20,	20,	20,	20,	20,	20,	20,	20,	20,	20,	20,	20,	20,	20,	20,	20,	20,	20,	20,	20,	20,	20,	20,	20,	20,	20,	20,	20,	20,	20,	20,	20,	20,	20,	20,	20,	20,	20,	20,	20,	20,	20,	20,	20,	20,	20,	20,	20,	20,	20,	20,	20,	20,	20,	20,	20,	20,	),
(	20,	20,	20,	20,	20,	20,	20,	20,	20,	20,	20,	20,	20,	20,	20,	20,	20,	20,	20,	20,	20,	20,	20,	20,	20,	20,	20,	20,	20,	20,	20,	20,	20,	20,	20,	20,	20,	20,	20,	20,	20,	20,	20,	20,	20,	20,	20,	20,	20,	20,	20,	20,	20,	20,	20,	20,	20,	20,	20,	),
(	20,	20,	20,	20,	20,	20,	20,	20,	20,	20,	20,	20,	20,	20,	20,	20,	20,	20,	20,	20,	20,	20,	20,	20,	20,	20,	20,	20,	20,	20,	20,	20,	20,	20,	20,	20,	20,	20,	20,	20,	20,	20,	20,	20,	20,	20,	20,	20,	20,	20,	20,	20,	20,	20,	20,	20,	20,	20,	20,	),
(	20,	20,	20,	20,	20,	20,	20,	20,	20,	20,	20,	20,	20,	20,	20,	20,	20,	20,	20,	20,	20,	20,	20,	20,	20,	20,	20,	20,	20,	20,	20,	20,	20,	20,	20,	20,	20,	20,	20,	20,	20,	20,	20,	20,	20,	20,	20,	20,	20,	20,	20,	20,	20,	20,	20,	20,	20,	20,	20,	),
(	20,	20,	20,	20,	20,	20,	20,	20,	20,	20,	20,	20,	20,	20,	20,	20,	20,	20,	20,	20,	20,	20,	20,	20,	20,	20,	20,	20,	20,	20,	20,	20,	20,	20,	20,	20,	20,	20,	20,	20,	20,	20,	20,	20,	20,	20,	20,	20,	20,	20,	20,	20,	20,	20,	20,	20,	20,	20,	20,	),
(	20,	20,	20,	20,	20,	20,	20,	20,	20,	20,	20,	20,	20,	20,	20,	20,	20,	20,	20,	20,	20,	20,	20,	20,	20,	20,	20,	20,	20,	20,	20,	20,	20,	20,	20,	20,	20,	20,	20,	20,	20,	20,	20,	20,	20,	20,	20,	20,	20,	20,	20,	20,	20,	20,	20,	20,	20,	20,	20,	),
(	20,	20,	20,	20,	20,	20,	20,	20,	20,	20,	20,	20,	20,	20,	20,	20,	20,	20,	20,	20,	20,	20,	20,	20,	20,	20,	20,	20,	20,	20,	20,	20,	20,	20,	20,	20,	20,	20,	20,	20,	20,	20,	20,	20,	20,	20,	20,	20,	20,	20,	20,	20,	20,	20,	20,	20,	20,	20,	20,	),
(	20,	20,	20,	20,	20,	20,	20,	20,	20,	20,	20,	20,	20,	20,	20,	20,	20,	20,	20,	20,	20,	20,	20,	20,	20,	20,	20,	20,	20,	20,	20,	20,	20,	20,	20,	20,	20,	20,	20,	20,	20,	20,	20,	20,	20,	20,	20,	20,	20,	20,	20,	20,	20,	20,	20,	20,	20,	20,	20,	),
(	20,	20,	20,	20,	20,	20,	20,	20,	20,	20,	20,	20,	20,	20,	20,	20,	20,	20,	20,	20,	20,	20,	20,	20,	20,	20,	20,	20,	20,	20,	20,	20,	20,	20,	20,	20,	20,	20,	20,	20,	20,	20,	20,	20,	20,	20,	20,	20,	20,	20,	20,	20,	20,	20,	20,	20,	20,	20,	20,	),
(	20,	20,	20,	20,	20,	20,	20,	20,	20,	20,	20,	20,	20,	20,	20,	20,	20,	20,	20,	20,	20,	20,	20,	20,	20,	20,	20,	20,	20,	20,	20,	20,	20,	20,	20,	20,	20,	90,	20,	20,	20,	20,	20,	20,	20,	20,	20,	20,	20,	20,	20,	20,	20,	20,	20,	20,	20,	20,	20,	),
(	20,	20,	20,	20,	20,	20,	20,	20,	20,	20,	20,	20,	20,	20,	20,	20,	20,	20,	20,	20,	20,	20,	20,	20,	20,	20,	20,	20,	20,	20,	20,	20,	20,	20,	20,	20,	20,	20,	20,	20,	20,	20,	20,	20,	20,	20,	20,	20,	20,	20,	20,	20,	20,	20,	20,	20,	20,	20,	20,	),
(	20,	20,	20,	20,	20,	20,	20,	20,	20,	20,	20,	20,	20,	20,	20,	20,	20,	20,	20,	20,	20,	20,	20,	20,	20,	20,	20,	20,	20,	20,	20,	20,	20,	20,	90,	90,	20,	90,	20,	20,	20,	20,	20,	20,	20,	20,	20,	20,	20,	20,	20,	20,	20,	20,	20,	20,	20,	20,	20,	),
(	20,	20,	20,	20,	20,	20,	20,	20,	20,	20,	20,	20,	20,	20,	20,	20,	20,	20,	20,	20,	20,	20,	20,	20,	20,	20,	20,	20,	20,	20,	20,	20,	20,	20,	500,	20,	90,	90,	90,	700,	20,	20,	20,	20,	20,	20,	20,	20,	20,	20,	20,	20,	20,	20,	20,	20,	20,	20,	20,	),
(	20,	20,	20,	20,	20,	20,	20,	20,	20,	20,	20,	20,	20,	20,	20,	20,	20,	20,	20,	20,	20,	20,	20,	20,	20,	20,	20,	20,	20,	20,	20,	20,	20,	20,	90,	90,	90,	500,	90,	90,	90,	500,	90,	20,	20,	20,	20,	20,	20,	20,	20,	20,	20,	20,	20,	20,	20,	20,	20,	),
(	20,	20,	20,	20,	20,	20,	20,	20,	20,	20,	20,	20,	20,	20,	20,	20,	20,	20,	20,	20,	20,	20,	20,	20,	20,	20,	20,	20,	20,	20,	20,	20,	20,	20,	20,	90,	90,	90,	90,	90,	90,	90,	90,	90,	20,	20,	20,	20,	20,	20,	20,	20,	20,	20,	20,	20,	20,	20,	20,	),
(	20,	20,	20,	20,	20,	20,	20,	20,	20,	20,	20,	20,	20,	20,	20,	20,	20,	20,	20,	20,	20,	20,	20,	20,	20,	20,	20,	20,	20,	20,	20,	20,	20,	20,	20,	20,	90,	90,	90,	90,	500,	90,	90,	90,	90,	20,	20,	20,	20,	20,	20,	20,	20,	20,	20,	20,	20,	20,	20,	),
(	20,	20,	20,	20,	20,	20,	20,	20,	20,	20,	20,	20,	20,	20,	20,	20,	20,	20,	20,	20,	20,	20,	20,	20,	20,	20,	20,	20,	20,	20,	20,	20,	20,	20,	20,	20,	20,	90,	90,	90,	90,	90,	20,	90,	90,	90,	20,	20,	20,	20,	20,	20,	20,	20,	20,	20,	20,	20,	20,	),
(	20,	20,	20,	20,	20,	20,	20,	20,	20,	20,	20,	20,	20,	20,	20,	20,	20,	20,	20,	20,	20,	20,	20,	20,	20,	20,	20,	20,	20,	20,	20,	20,	20,	20,	20,	20,	20,	90,	90,	90,	90,	90,	90,	90,	90,	90,	20,	20,	20,	20,	20,	20,	20,	20,	20,	20,	20,	20,	20,	),
(	20,	20,	20,	20,	20,	20,	20,	20,	20,	20,	20,	20,	20,	20,	20,	20,	20,	20,	20,	20,	20,	20,	20,	20,	20,	20,	20,	20,	20,	20,	20,	20,	20,	20,	20,	20,	90,	90,	90,	90,	90,	90,	90,	90,	90,	20,	20,	20,	20,	20,	20,	20,	20,	20,	20,	20,	20,	20,	20,	),
(	20,	20,	20,	20,	20,	20,	20,	20,	20,	20,	20,	20,	20,	20,	20,	20,	20,	20,	20,	20,	20,	20,	20,	20,	20,	20,	20,	20,	20,	20,	20,	20,	20,	20,	20,	90,	90,	90,	90,	90,	20,	90,	90,	20,	90,	20,	20,	20,	20,	20,	20,	20,	20,	20,	20,	20,	20,	20,	20,	),
(	20,	20,	20,	20,	20,	20,	20,	20,	20,	20,	20,	20,	20,	20,	20,	20,	20,	20,	20,	20,	20,	20,	20,	20,	20,	20,	20,	20,	20,	20,	20,	20,	20,	20,	20,	20,	90,	90,	90,	20,	20,	20,	20,	90,	90,	20,	20,	20,	20,	20,	20,	20,	20,	20,	20,	20,	20,	20,	20,	),
(	20,	20,	20,	20,	20,	20,	20,	20,	20,	20,	20,	20,	20,	20,	20,	20,	20,	20,	20,	20,	20,	20,	20,	20,	20,	20,	20,	20,	20,	20,	20,	20,	20,	20,	20,	20,	20,	20,	20,	20,	20,	20,	20,	90,	90,	20,	20,	20,	20,	20,	20,	20,	20,	20,	20,	20,	20,	20,	20,	),
(	20,	20,	20,	20,	20,	20,	20,	20,	20,	20,	20,	20,	20,	20,	20,	20,	20,	20,	20,	20,	20,	20,	20,	20,	20,	20,	20,	20,	20,	20,	20,	20,	20,	20,	20,	20,	20,	20,	20,	20,	20,	20,	20,	20,	20,	20,	20,	20,	20,	20,	20,	20,	20,	20,	20,	20,	20,	20,	20,	),
(	20,	20,	20,	20,	20,	20,	20,	20,	20,	20,	20,	20,	20,	20,	20,	20,	20,	20,	20,	20,	20,	20,	20,	20,	20,	20,	20,	20,	20,	20,	20,	20,	20,	20,	20,	20,	20,	20,	20,	20,	20,	20,	20,	20,	20,	20,	20,	20,	20,	20,	20,	20,	20,	20,	20,	20,	20,	20,	20,	),
(	20,	20,	20,	20,	20,	20,	20,	20,	20,	20,	20,	20,	20,	20,	20,	20,	20,	20,	20,	20,	20,	20,	20,	20,	20,	20,	20,	20,	20,	20,	20,	20,	20,	20,	20,	20,	20,	20,	20,	20,	20,	20,	20,	20,	20,	20,	20,	20,	20,	20,	20,	20,	20,	20,	20,	20,	20,	20,	20,	),
(	20,	20,	20,	20,	20,	20,	20,	20,	20,	20,	20,	20,	20,	20,	20,	20,	20,	20,	20,	20,	20,	20,	20,	20,	20,	20,	20,	20,	20,	20,	20,	20,	20,	20,	20,	20,	20,	20,	20,	20,	20,	20,	20,	20,	20,	20,	20,	20,	20,	20,	20,	20,	20,	20,	20,	20,	20,	20,	20,	),
(	20,	20,	20,	20,	20,	20,	20,	20,	20,	20,	20,	20,	20,	20,	20,	20,	20,	20,	20,	20,	20,	20,	20,	20,	20,	20,	20,	20,	20,	20,	20,	20,	20,	20,	20,	20,	20,	20,	20,	20,	20,	20,	20,	20,	20,	20,	20,	20,	20,	20,	20,	20,	20,	20,	20,	20,	20,	20,	20,	),
(	20,	20,	20,	20,	20,	20,	20,	20,	20,	20,	20,	20,	20,	20,	20,	20,	20,	20,	20,	20,	20,	20,	20,	20,	20,	20,	20,	20,	20,	20,	20,	20,	20,	20,	20,	20,	20,	20,	20,	20,	20,	20,	20,	20,	20,	20,	20,	20,	20,	20,	20,	20,	20,	20,	20,	20,	20,	20,	20,	),
(	20,	20,	20,	20,	20,	20,	20,	20,	20,	20,	20,	20,	20,	20,	20,	20,	20,	20,	20,	20,	20,	20,	20,	20,	20,	20,	20,	20,	20,	20,	20,	20,	20,	20,	20,	20,	20,	20,	20,	20,	20,	20,	20,	20,	20,	20,	20,	20,	20,	20,	20,	20,	20,	20,	20,	20,	20,	20,	20,	),
(	20,	20,	20,	20,	20,	20,	20,	20,	20,	20,	20,	20,	20,	20,	20,	20,	20,	20,	20,	20,	20,	20,	20,	20,	20,	20,	20,	20,	20,	20,	20,	20,	20,	20,	20,	20,	20,	20,	20,	20,	20,	20,	20,	20,	20,	20,	20,	20,	20,	20,	20,	20,	20,	20,	20,	20,	20,	20,	20,	),
(	20,	20,	20,	20,	20,	20,	20,	20,	20,	20,	20,	20,	20,	20,	20,	20,	20,	20,	20,	20,	20,	20,	20,	20,	20,	20,	20,	20,	20,	20,	20,	20,	20,	20,	20,	20,	20,	20,	20,	20,	20,	20,	20,	20,	20,	20,	20,	20,	20,	20,	20,	20,	20,	20,	20,	20,	20,	20,	20,	),
(	20,	20,	20,	20,	20,	20,	20,	20,	20,	20,	20,	20,	20,	20,	20,	20,	20,	20,	20,	20,	20,	20,	20,	20,	20,	20,	20,	20,	20,	20,	20,	20,	20,	20,	20,	20,	20,	20,	20,	20,	20,	20,	20,	20,	20,	20,	20,	20,	20,	20,	20,	20,	20,	20,	20,	20,	20,	20,	20,	),
(	20,	20,	20,	20,	20,	20,	20,	20,	20,	20,	20,	20,	20,	20,	20,	20,	20,	20,	20,	20,	20,	20,	20,	20,	20,	20,	20,	20,	20,	20,	20,	20,	20,	20,	20,	20,	20,	20,	20,	20,	20,	20,	20,	20,	20,	20,	20,	20,	20,	20,	20,	20,	20,	20,	20,	20,	20,	20,	20,	),
(	20,	20,	20,	20,	20,	20,	20,	20,	20,	20,	20,	20,	20,	20,	20,	20,	20,	20,	20,	20,	20,	20,	20,	20,	20,	20,	20,	20,	20,	20,	20,	20,	20,	20,	20,	20,	20,	20,	20,	20,	20,	20,	20,	20,	20,	20,	20,	20,	20,	20,	20,	20,	20,	20,	20,	20,	20,	20,	20,	),
(	20,	20,	20,	20,	20,	20,	20,	20,	20,	20,	20,	20,	20,	20,	20,	20,	20,	20,	20,	20,	20,	20,	20,	20,	20,	20,	20,	20,	20,	20,	20,	20,	20,	20,	20,	20,	20,	20,	20,	20,	20,	20,	20,	20,	20,	20,	20,	20,	20,	20,	20,	20,	20,	20,	20,	20,	20,	20,	20,	),
(	20,	20,	20,	20,	20,	20,	20,	20,	20,	20,	20,	20,	20,	20,	20,	20,	20,	20,	20,	20,	20,	20,	20,	20,	20,	20,	20,	20,	20,	20,	20,	20,	20,	20,	20,	20,	20,	20,	20,	20,	20,	20,	20,	20,	20,	20,	20,	20,	20,	20,	20,	20,	20,	20,	20,	20,	20,	20,	20,	),
(	20,	20,	20,	20,	20,	20,	20,	20,	20,	20,	20,	20,	20,	20,	20,	20,	20,	20,	20,	20,	20,	20,	20,	20,	20,	20,	20,	20,	20,	20,	20,	20,	20,	20,	20,	20,	20,	20,	20,	20,	20,	20,	20,	20,	20,	20,	20,	20,	20,	20,	20,	20,	20,	20,	20,	20,	20,	20,	20,	),
(	20,	20,	20,	20,	20,	20,	20,	20,	20,	20,	20,	20,	20,	20,	20,	20,	20,	20,	20,	20,	20,	20,	20,	20,	20,	20,	20,	20,	20,	20,	20,	20,	20,	20,	20,	20,	20,	20,	20,	20,	20,	20,	20,	20,	20,	20,	20,	20,	20,	20,	20,	20,	20,	20,	20,	20,	20,	20,	20,	),
(	20,	20,	20,	20,	20,	20,	20,	20,	20,	20,	20,	20,	20,	20,	20,	20,	20,	20,	20,	20,	20,	20,	20,	20,	20,	20,	20,	20,	20,	20,	20,	20,	20,	20,	20,	20,	20,	20,	20,	20,	20,	20,	20,	20,	20,	20,	20,	20,	20,	20,	20,	20,	20,	20,	20,	20,	20,	20,	20,	),
(	20,	20,	20,	20,	20,	20,	20,	20,	20,	20,	20,	20,	20,	20,	20,	20,	20,	20,	20,	20,	20,	20,	20,	20,	20,	20,	20,	20,	20,	20,	20,	20,	20,	20,	20,	20,	20,	20,	20,	20,	20,	20,	20,	20,	20,	20,	20,	20,	20,	20,	20,	20,	20,	20,	20,	20,	20,	20,	20,	),
(	20,	20,	20,	20,	20,	20,	20,	20,	20,	20,	20,	20,	20,	20,	20,	20,	20,	20,	20,	20,	20,	20,	20,	20,	20,	20,	20,	20,	20,	20,	20,	20,	20,	20,	20,	20,	20,	20,	20,	20,	20,	20,	20,	20,	20,	20,	20,	20,	20,	20,	20,	20,	20,	20,	20,	20,	20,	20,	20,	),
(	20,	20,	20,	20,	20,	20,	20,	20,	20,	20,	20,	20,	20,	20,	20,	20,	20,	20,	20,	20,	20,	20,	20,	20,	20,	20,	20,	20,	20,	20,	20,	20,	20,	20,	20,	20,	20,	20,	20,	20,	20,	20,	20,	20,	20,	20,	20,	20,	20,	20,	20,	20,	20,	20,	20,	20,	20,	20,	20,	),
(	20,	20,	20,	20,	20,	20,	20,	20,	20,	20,	20,	20,	20,	20,	20,	20,	20,	20,	20,	20,	20,	20,	20,	20,	20,	20,	20,	20,	20,	20,	20,	20,	20,	20,	20,	20,	20,	20,	20,	20,	20,	20,	20,	20,	20,	20,	20,	20,	20,	20,	20,	20,	20,	20,	20,	20,	20,	20,	20,	),
(	20,	20,	20,	20,	20,	20,	20,	20,	20,	20,	20,	20,	20,	20,	20,	20,	20,	20,	20,	20,	20,	20,	20,	20,	20,	20,	20,	20,	20,	20,	20,	20,	20,	20,	20,	20,	20,	20,	20,	20,	20,	20,	20,	20,	20,	20,	20,	20,	20,	20,	20,	20,	20,	20,	20,	20,	20,	20,	20,	),
(	20,	20,	20,	20,	20,	20,	20,	20,	20,	20,	20,	20,	20,	20,	20,	20,	20,	20,	20,	20,	20,	20,	20,	20,	20,	20,	20,	20,	20,	20,	20,	20,	20,	20,	20,	20,	20,	20,	20,	20,	20,	20,	20,	20,	20,	20,	20,	20,	20,	20,	20,	20,	20,	20,	20,	20,	20,	20,	20,	),
(	20,	20,	20,	20,	20,	20,	20,	20,	20,	20,	20,	20,	20,	20,	20,	20,	20,	20,	20,	20,	20,	20,	20,	20,	20,	20,	20,	20,	20,	20,	20,	20,	20,	20,	20,	20,	20,	20,	20,	20,	20,	20,	20,	20,	20,	20,	20,	20,	20,	20,	20,	20,	20,	20,	20,	20,	20,	20,	20,	),
(	20,	20,	20,	20,	20,	20,	20,	20,	20,	20,	20,	20,	20,	20,	20,	20,	20,	20,	20,	20,	20,	20,	20,	20,	20,	20,	20,	20,	20,	20,	20,	20,	20,	20,	20,	20,	20,	20,	20,	20,	20,	20,	20,	20,	20,	20,	20,	20,	20,	20,	20,	20,	20,	20,	20,	20,	20,	20,	20,	),
(	20,	20,	20,	20,	20,	20,	20,	20,	20,	20,	20,	20,	20,	20,	20,	20,	20,	20,	20,	20,	20,	20,	20,	20,	20,	20,	20,	20,	20,	20,	20,	20,	20,	20,	20,	20,	20,	20,	20,	20,	20,	20,	20,	20,	20,	20,	20,	20,	20,	20,	20,	20,	20,	20,	20,	20,	20,	20,	20,	),
(	20,	20,	20,	20,	20,	20,	20,	20,	20,	20,	20,	20,	20,	20,	20,	20,	20,	20,	20,	20,	20,	20,	20,	20,	20,	20,	20,	20,	20,	20,	20,	20,	20,	20,	20,	20,	20,	20,	20,	20,	20,	20,	20,	20,	20,	20,	20,	20,	20,	20,	20,	20,	20,	20,	20,	20,	20,	20,	20,	),
(	20,	20,	20,	20,	20,	20,	20,	20,	20,	20,	20,	20,	20,	20,	20,	20,	20,	20,	20,	20,	20,	20,	20,	20,	20,	20,	20,	20,	20,	20,	20,	20,	20,	20,	20,	20,	20,	20,	20,	20,	20,	20,	20,	20,	20,	20,	20,	20,	20,	20,	20,	20,	20,	20,	20,	20,	20,	20,	20,	),
(	20,	20,	20,	20,	20,	20,	20,	20,	20,	20,	20,	20,	20,	20,	20,	20,	20,	20,	20,	20,	20,	20,	20,	20,	20,	20,	20,	20,	20,	20,	20,	20,	20,	20,	20,	20,	20,	20,	20,	20,	20,	20,	20,	20,	20,	20,	20,	20,	20,	20,	20,	20,	20,	20,	20,	20,	20,	20,	20,	),
(	20,	20,	20,	20,	20,	20,	20,	20,	20,	20,	20,	20,	20,	20,	20,	20,	20,	20,	20,	20,	20,	20,	20,	20,	20,	20,	20,	20,	20,	20,	20,	20,	20,	20,	20,	20,	20,	20,	20,	20,	20,	20,	20,	20,	20,	20,	20,	20,	20,	20,	20,	20,	20,	20,	20,	20,	20,	20,	20,	),
(	20,	20,	20,	20,	20,	20,	20,	20,	20,	20,	20,	20,	20,	20,	20,	20,	20,	20,	20,	20,	20,	20,	20,	20,	20,	20,	20,	20,	20,	20,	20,	20,	20,	20,	20,	20,	20,	20,	20,	20,	20,	20,	20,	20,	20,	20,	20,	20,	20,	20,	20,	20,	20,	20,	20,	20,	20,	20,	20,	),
(	20,	20,	20,	20,	20,	20,	20,	20,	20,	20,	20,	20,	20,	20,	20,	20,	20,	20,	20,	20,	20,	20,	20,	20,	20,	20,	20,	20,	20,	20,	20,	20,	20,	20,	20,	20,	20,	20,	20,	20,	20,	20,	20,	20,	20,	20,	20,	20,	20,	20,	20,	20,	20,	20,	20,	20,	20,	20,	20,	),
(	20,	20,	20,	20,	20,	20,	20,	20,	20,	20,	20,	20,	20,	20,	20,	20,	20,	20,	20,	20,	20,	20,	20,	20,	20,	20,	20,	20,	20,	20,	20,	20,	20,	20,	20,	20,	20,	20,	20,	20,	20,	20,	20,	20,	20,	20,	20,	20,	20,	20,	20,	20,	20,	20,	20,	20,	20,	20,	20,	),
(	20,	20,	20,	20,	20,	20,	20,	20,	20,	20,	20,	20,	20,	20,	20,	20,	20,	20,	20,	20,	20,	20,	20,	20,	20,	20,	20,	20,	20,	20,	20,	20,	20,	20,	20,	20,	20,	20,	20,	20,	20,	20,	20,	20,	20,	20,	20,	20,	20,	20,	20,	20,	20,	20,	20,	20,	20,	20,	20,	),
(	20,	20,	20,	20,	20,	20,	20,	20,	20,	20,	20,	20,	20,	20,	20,	20,	20,	20,	20,	20,	20,	20,	20,	20,	20,	20,	20,	20,	20,	20,	20,	20,	20,	20,	20,	20,	20,	20,	20,	20,	20,	20,	20,	20,	20,	20,	20,	20,	20,	20,	20,	20,	20,	20,	20,	20,	20,	20,	20,	),
(	20,	20,	20,	20,	20,	20,	20,	20,	20,	20,	20,	20,	20,	20,	20,	20,	20,	20,	20,	20,	20,	20,	20,	20,	20,	20,	20,	20,	20,	20,	20,	20,	20,	20,	20,	20,	20,	20,	20,	20,	20,	20,	20,	20,	20,	20,	20,	20,	20,	20,	20,	20,	20,	20,	20,	20,	20,	20,	20,	),
(	20,	20,	20,	20,	20,	20,	20,	20,	20,	20,	20,	20,	20,	20,	20,	20,	20,	20,	20,	20,	20,	20,	20,	20,	20,	20,	20,	20,	20,	20,	20,	20,	20,	20,	20,	20,	20,	20,	20,	20,	20,	20,	20,	20,	20,	20,	20,	20,	20,	20,	20,	20,	20,	20,	20,	20,	20,	20,	20,	),
(	20,	20,	20,	20,	20,	20,	20,	20,	20,	20,	20,	20,	20,	20,	20,	20,	20,	20,	20,	20,	20,	20,	20,	20,	20,	20,	20,	20,	20,	20,	20,	20,	20,	20,	20,	20,	20,	20,	20,	20,	20,	20,	20,	20,	20,	20,	20,	20,	20,	20,	20,	20,	20,	20,	20,	20,	20,	20,	20,	)),